1.0000 0.0000
1.0010 0.0000
1.0020 0.0000
1.0029 0.0000
1.0039 0.0000
1.0049 0.0000
1.0059 0.0000
1.0068 0.0000
1.0078 0.0000
1.0088 0.0000
1.0098 0.0000
1.0107 0.0000
1.0117 0.0000
1.0127 0.0000
1.0137 0.0000
1.0146 0.0000
1.0156 0.0000
1.0166 0.0000
1.0176 0.0000
1.0186 0.0000
1.0195 0.0000
1.0205 0.0000
1.0215 0.0000
1.0225 0.0000
1.0234 0.0000
1.0244 0.0000
1.0254 0.0000
1.0264 0.0000
1.0273 0.0000
1.0283 0.0000
1.0293 0.0000
1.0303 0.0000
1.0312 0.0000
1.0322 0.0000
1.0332 0.0000
1.0342 0.0000
1.0352 0.0000
1.0361 0.0000
1.0371 0.0000
1.0381 0.0000
1.0391 0.0000
1.0400 0.0000
1.0410 0.0000
1.0420 0.0000
1.0430 0.0000
1.0439 0.0000
1.0449 0.0000
1.0459 0.0000
1.0469 0.0000
1.0479 0.0000
1.0488 0.0000
1.0498 0.0000
1.0508 0.0000
1.0518 0.0000
1.0527 0.0000
1.0537 0.0000
1.0547 0.0000
1.0557 0.0000
1.0566 0.0000
1.0576 0.0000
1.0586 0.0000
1.0596 0.0000
1.0605 0.0000
1.0615 0.0000
1.0625 0.0000
1.0635 0.0000
1.0645 0.0001
1.0654 0.0001
1.0664 0.0001
1.0674 0.0002
1.0684 0.0003
1.0693 0.0005
1.0703 0.0007
1.0713 0.0010
1.0723 0.0014
1.0732 0.0021
1.0742 0.0030
1.0752 0.0042
1.0762 0.0058
1.0771 0.0081
1.0781 0.0111
1.0791 0.0152
1.0801 0.0206
1.0811 0.0277
1.0820 0.0369
1.0830 0.0489
1.0840 0.0641
1.0850 0.0835
1.0859 0.1080
1.0869 0.1384
1.0879 0.1760
1.0889 0.2222
1.0898 0.2782
1.0908 0.3456
1.0918 0.4260
1.0928 0.5210
1.0938 0.6323
1.0947 0.7614
1.0957 0.9098
1.0967 1.0787
1.0977 1.2691
1.0986 1.4815
1.0996 1.7162
1.1006 1.9728
1.1016 2.2503
1.1025 2.5472
1.1035 2.8613
1.1045 3.1894
1.1055 3.5280
1.1064 3.8727
1.1074 4.2187
1.1084 4.5606
1.1094 4.8926
1.1104 5.2089
1.1113 5.5035
1.1123 5.7705
1.1133 6.0046
1.1143 6.2007
1.1152 6.3546
1.1162 6.4629
1.1172 6.5232
1.1182 6.5341
1.1191 6.4953
1.1201 6.4078
1.1211 6.2736
1.1221 6.0955
1.1230 5.8775
1.1240 5.6243
1.1250 5.3410
1.1260 5.0335
1.1270 4.7076
1.1279 4.3693
1.1289 4.0244
1.1299 3.6784
1.1309 3.3365
1.1318 3.0033
1.1328 2.6827
1.1338 2.3779
1.1348 2.0916
1.1357 1.8257
1.1367 1.5813
1.1377 1.3591
1.1387 1.1591
1.1396 0.9810
1.1406 0.8237
1.1416 0.6864
1.1426 0.5675
1.1436 0.4655
1.1445 0.3789
1.1455 0.3060
1.1465 0.2452
1.1475 0.1950
1.1484 0.1538
1.1494 0.1204
1.1504 0.0935
1.1514 0.0720
1.1523 0.0550
1.1533 0.0417
1.1543 0.0314
1.1553 0.0234
1.1562 0.0174
1.1572 0.0127
1.1582 0.0093
1.1592 0.0067
1.1602 0.0048
1.1611 0.0034
1.1621 0.0024
1.1631 0.0017
1.1641 0.0012
1.1650 0.0008
1.1660 0.0006
1.1670 0.0004
1.1680 0.0003
1.1689 0.0002
1.1699 0.0002
1.1709 0.0002
1.1719 0.0003
1.1729 0.0004
1.1738 0.0006
1.1748 0.0009
1.1758 0.0013
1.1768 0.0019
1.1777 0.0028
1.1787 0.0040
1.1797 0.0057
1.1807 0.0082
1.1816 0.0115
1.1826 0.0161
1.1836 0.0224
1.1846 0.0308
1.1855 0.0421
1.1865 0.0571
1.1875 0.0767
1.1885 0.1022
1.1895 0.1351
1.1904 0.1772
1.1914 0.2305
1.1924 0.2973
1.1934 0.3804
1.1943 0.4828
1.1953 0.6079
1.1963 0.7591
1.1973 0.9403
1.1982 1.1553
1.1992 1.4080
1.2002 1.7022
1.2012 2.0413
1.2021 2.4283
1.2031 2.8654
1.2041 3.3541
1.2051 3.8945
1.2061 4.4859
1.2070 5.1256
1.2080 5.8096
1.2090 6.5323
1.2100 7.2861
1.2109 8.0620
1.2119 8.8493
1.2129 9.6360
1.2139 10.4089
1.2148 11.1542
1.2158 11.8577
1.2168 12.5050
1.2178 13.0827
1.2188 13.5781
1.2197 13.9801
1.2207 14.2794
1.2217 14.4691
1.2227 14.5447
1.2236 14.5043
1.2246 14.3489
1.2256 14.0822
1.2266 13.7105
1.2275 13.2423
1.2285 12.6882
1.2295 12.0605
1.2305 11.3724
1.2314 10.6381
1.2324 9.8719
1.2334 9.0877
1.2344 8.2990
1.2354 7.5182
1.2363 6.7564
1.2373 6.0232
1.2383 5.3266
1.2393 4.6728
1.2402 4.0664
1.2412 3.5103
1.2422 3.0059
1.2432 2.5533
1.2441 2.1514
1.2451 1.7981
1.2461 1.4908
1.2471 1.2260
1.2480 1.0001
1.2490 0.8092
1.2500 0.6495
1.2510 0.5170
1.2520 0.4083
1.2529 0.3198
1.2539 0.2484
1.2549 0.1914
1.2559 0.1463
1.2568 0.1109
1.2578 0.0834
1.2588 0.0622
1.2598 0.0460
1.2607 0.0337
1.2617 0.0246
1.2627 0.0177
1.2637 0.0127
1.2646 0.0090
1.2656 0.0063
1.2666 0.0044
1.2676 0.0031
1.2686 0.0021
1.2695 0.0014
1.2705 0.0010
1.2715 0.0007
1.2725 0.0005
1.2734 0.0003
1.2744 0.0002
1.2754 0.0002
1.2764 0.0002
1.2773 0.0002
1.2783 0.0003
1.2793 0.0004
1.2803 0.0006
1.2812 0.0009
1.2822 0.0013
1.2832 0.0019
1.2842 0.0028
1.2852 0.0040
1.2861 0.0056
1.2871 0.0078
1.2881 0.0109
1.2891 0.0150
1.2900 0.0205
1.2910 0.0278
1.2920 0.0375
1.2930 0.0500
1.2939 0.0662
1.2949 0.0869
1.2959 0.1131
1.2969 0.1462
1.2979 0.1873
1.2988 0.2382
1.2998 0.3004
1.3008 0.3759
1.3018 0.4666
1.3027 0.5746
1.3037 0.7019
1.3047 0.8506
1.3057 1.0226
1.3066 1.2196
1.3076 1.4430
1.3086 1.6938
1.3096 1.9725
1.3105 2.2787
1.3115 2.6117
1.3125 2.9697
1.3135 3.3500
1.3145 3.7491
1.3154 4.1627
1.3164 4.5853
1.3174 5.0109
1.3184 5.4329
1.3193 5.8439
1.3203 6.2364
1.3213 6.6028
1.3223 6.9356
1.3232 7.2277
1.3242 7.4728
1.3252 7.6653
1.3262 7.8009
1.3271 7.8763
1.3281 7.8897
1.3291 7.8410
1.3301 7.7311
1.3311 7.5628
1.3320 7.3398
1.3330 7.0672
1.3340 6.7511
1.3350 6.3984
1.3359 6.0162
1.3369 5.6122
1.3379 5.1941
1.3389 4.7692
1.3398 4.3444
1.3408 3.9263
1.3418 3.5203
1.3428 3.1313
1.3438 2.7633
1.3447 2.4193
1.3457 2.1013
1.3467 1.8106
1.3477 1.5478
1.3486 1.3127
1.3496 1.1044
1.3506 0.9218
1.3516 0.7632
1.3525 0.6269
1.3535 0.5109
1.3545 0.4130
1.3555 0.3312
1.3564 0.2635
1.3574 0.2079
1.3584 0.1628
1.3594 0.1264
1.3604 0.0974
1.3613 0.0744
1.3623 0.0564
1.3633 0.0424
1.3643 0.0317
1.3652 0.0234
1.3662 0.0172
1.3672 0.0125
1.3682 0.0090
1.3691 0.0065
1.3701 0.0046
1.3711 0.0032
1.3721 0.0023
1.3730 0.0016
1.3740 0.0011
1.3750 0.0007
1.3760 0.0005
1.3770 0.0003
1.3779 0.0002
1.3789 0.0001
1.3799 0.0001
1.3809 0.0001
1.3818 0.0000
1.3828 0.0000
1.3838 0.0000
1.3848 0.0000
1.3857 0.0000
1.3867 0.0000
1.3877 0.0000
1.3887 0.0000
1.3896 0.0000
1.3906 0.0000
1.3916 0.0000
1.3926 0.0000
1.3936 0.0000
1.3945 0.0000
1.3955 0.0000
1.3965 0.0000
1.3975 0.0000
1.3984 0.0000
1.3994 0.0000
1.4004 0.0000
1.4014 0.0000
1.4023 0.0000
1.4033 0.0000
1.4043 0.0000
1.4053 0.0000
1.4062 0.0000
1.4072 0.0000
1.4082 0.0000
1.4092 0.0000
1.4102 0.0000
1.4111 0.0000
1.4121 0.0000
1.4131 0.0000
1.4141 0.0000
1.4150 0.0000
1.4160 0.0000
1.4170 0.0000
1.4180 0.0000
1.4189 0.0000
1.4199 0.0000
1.4209 0.0000
1.4219 0.0000
1.4229 0.0000
1.4238 0.0000
1.4248 0.0000
1.4258 0.0000
1.4268 0.0000
1.4277 0.0000
1.4287 0.0000
1.4297 0.0000
1.4307 0.0000
1.4316 0.0000
1.4326 0.0000
1.4336 0.0000
1.4346 0.0000
1.4355 0.0000
1.4365 0.0000
1.4375 0.0000
1.4385 0.0000
1.4395 0.0000
1.4404 0.0000
1.4414 0.0000
1.4424 0.0000
1.4434 0.0000
1.4443 0.0000
1.4453 0.0000
1.4463 0.0000
1.4473 0.0000
1.4482 0.0000
1.4492 0.0000
1.4502 0.0000
1.4512 0.0000
1.4521 0.0000
1.4531 0.0000
1.4541 0.0000
1.4551 0.0000
1.4561 0.0000
1.4570 0.0000
1.4580 0.0000
1.4590 0.0000
1.4600 0.0000
1.4609 0.0000
1.4619 0.0000
1.4629 0.0000
1.4639 0.0000
1.4648 0.0000
1.4658 0.0000
1.4668 0.0000
1.4678 0.0000
1.4688 0.0000
1.4697 0.0000
1.4707 0.0000
1.4717 0.0000
1.4727 0.0000
1.4736 0.0000
1.4746 0.0000
1.4756 0.0000
1.4766 0.0000
1.4775 0.0000
1.4785 0.0000
1.4795 0.0000
1.4805 0.0000
1.4814 0.0000
1.4824 0.0000
1.4834 0.0000
1.4844 0.0000
1.4854 0.0000
1.4863 0.0000
1.4873 0.0000
1.4883 0.0000
1.4893 0.0000
1.4902 0.0000
1.4912 0.0000
1.4922 0.0000
1.4932 0.0000
1.4941 0.0000
1.4951 0.0000
1.4961 0.0000
1.4971 0.0000
1.4980 0.0000
1.4990 0.0000
1.5000 0.0000
1.5010 0.0000
1.5020 0.0000
1.5029 0.0000
1.5039 0.0000
1.5049 0.0000
1.5059 0.0000
1.5068 0.0000
1.5078 0.0000
1.5088 0.0000
1.5098 0.0000
1.5107 0.0000
1.5117 0.0000
1.5127 0.0000
1.5137 0.0000
1.5146 0.0000
1.5156 0.0000
1.5166 0.0000
1.5176 0.0000
1.5186 0.0000
1.5195 0.0000
1.5205 0.0000
1.5215 0.0000
1.5225 0.0000
1.5234 0.0000
1.5244 0.0000
1.5254 0.0000
1.5264 0.0000
1.5273 0.0000
1.5283 0.0000
1.5293 0.0000
1.5303 0.0000
1.5312 0.0000
1.5322 0.0000
1.5332 0.0000
1.5342 0.0000
1.5352 0.0000
1.5361 0.0000
1.5371 0.0000
1.5381 0.0000
1.5391 0.0000
1.5400 0.0000
1.5410 0.0000
1.5420 0.0000
1.5430 0.0000
1.5439 0.0000
1.5449 0.0000
1.5459 0.0000
1.5469 0.0000
1.5479 0.0000
1.5488 0.0000
1.5498 0.0000
1.5508 0.0000
1.5518 0.0000
1.5527 0.0000
1.5537 0.0000
1.5547 0.0000
1.5557 0.0000
1.5566 0.0000
1.5576 0.0000
1.5586 0.0000
1.5596 0.0000
1.5605 0.0000
1.5615 0.0000
1.5625 0.0000
1.5635 0.0000
1.5645 0.0000
1.5654 0.0000
1.5664 0.0000
1.5674 0.0000
1.5684 0.0000
1.5693 0.0000
1.5703 0.0000
1.5713 0.0000
1.5723 0.0000
1.5732 0.0000
1.5742 0.0000
1.5752 0.0000
1.5762 0.0000
1.5771 0.0000
1.5781 0.0000
1.5791 0.0000
1.5801 0.0000
1.5811 0.0000
1.5820 0.0000
1.5830 0.0000
1.5840 0.0000
1.5850 0.0000
1.5859 0.0000
1.5869 0.0000
1.5879 0.0000
1.5889 0.0000
1.5898 0.0000
1.5908 0.0000
1.5918 0.0000
1.5928 0.0000
1.5938 0.0000
1.5947 0.0000
1.5957 0.0000
1.5967 0.0000
1.5977 0.0000
1.5986 0.0000
1.5996 0.0000
1.6006 0.0000
1.6016 0.0000
1.6025 0.0000
1.6035 0.0000
1.6045 0.0000
1.6055 0.0000
1.6064 0.0000
1.6074 0.0000
1.6084 0.0000
1.6094 0.0000
1.6104 0.0000
1.6113 0.0000
1.6123 0.0000
1.6133 0.0000
1.6143 0.0000
1.6152 0.0000
1.6162 0.0000
1.6172 0.0000
1.6182 0.0000
1.6191 0.0000
1.6201 0.0000
1.6211 0.0000
1.6221 0.0000
1.6230 0.0000
1.6240 0.0000
1.6250 0.0000
1.6260 0.0000
1.6270 0.0000
1.6279 0.0000
1.6289 0.0000
1.6299 0.0000
1.6309 0.0000
1.6318 0.0000
1.6328 0.0000
1.6338 0.0000
1.6348 0.0000
1.6357 0.0000
1.6367 0.0000
1.6377 0.0000
1.6387 0.0000
1.6396 0.0000
1.6406 0.0000
1.6416 0.0000
1.6426 0.0000
1.6436 0.0000
1.6445 0.0000
1.6455 0.0000
1.6465 0.0000
1.6475 0.0000
1.6484 0.0000
1.6494 0.0000
1.6504 0.0000
1.6514 0.0000
1.6523 0.0000
1.6533 0.0000
1.6543 0.0000
1.6553 0.0000
1.6562 0.0000
1.6572 0.0000
1.6582 0.0000
1.6592 0.0000
1.6602 0.0000
1.6611 0.0000
1.6621 0.0000
1.6631 0.0000
1.6641 0.0000
1.6650 0.0000
1.6660 0.0000
1.6670 0.0000
1.6680 0.0000
1.6689 0.0000
1.6699 0.0000
1.6709 0.0000
1.6719 0.0000
1.6729 0.0000
1.6738 0.0000
1.6748 0.0000
1.6758 0.0000
1.6768 0.0000
1.6777 0.0000
1.6787 0.0000
1.6797 0.0000
1.6807 0.0000
1.6816 0.0000
1.6826 0.0000
1.6836 0.0000
1.6846 0.0000
1.6855 0.0000
1.6865 0.0000
1.6875 0.0000
1.6885 0.0000
1.6895 0.0000
1.6904 0.0000
1.6914 0.0000
1.6924 0.0000
1.6934 0.0000
1.6943 0.0000
1.6953 0.0000
1.6963 0.0000
1.6973 0.0000
1.6982 0.0000
1.6992 0.0000
1.7002 0.0000
1.7012 0.0000
1.7021 0.0000
1.7031 0.0000
1.7041 0.0000
1.7051 0.0000
1.7061 0.0000
1.7070 0.0000
1.7080 0.0000
1.7090 0.0000
1.7100 0.0000
1.7109 0.0000
1.7119 0.0000
1.7129 0.0000
1.7139 0.0000
1.7148 0.0000
1.7158 0.0000
1.7168 0.0000
1.7178 0.0000
1.7188 0.0000
1.7197 0.0000
1.7207 0.0000
1.7217 0.0000
1.7227 0.0000
1.7236 0.0000
1.7246 0.0000
1.7256 0.0000
1.7266 0.0000
1.7275 0.0000
1.7285 0.0000
1.7295 0.0000
1.7305 0.0000
1.7314 0.0000
1.7324 0.0000
1.7334 0.0000
1.7344 0.0000
1.7354 0.0000
1.7363 0.0000
1.7373 0.0000
1.7383 0.0000
1.7393 0.0000
1.7402 0.0000
1.7412 0.0000
1.7422 0.0000
1.7432 0.0000
1.7441 0.0000
1.7451 0.0000
1.7461 0.0000
1.7471 0.0000
1.7480 0.0000
1.7490 0.0000
1.7500 0.0000
1.7510 0.0000
1.7520 0.0000
1.7529 0.0000
1.7539 0.0000
1.7549 0.0000
1.7559 0.0000
1.7568 0.0000
1.7578 0.0000
1.7588 0.0000
1.7598 0.0000
1.7607 0.0000
1.7617 0.0000
1.7627 0.0000
1.7637 0.0000
1.7646 0.0000
1.7656 0.0000
1.7666 0.0000
1.7676 0.0000
1.7686 0.0000
1.7695 0.0000
1.7705 0.0000
1.7715 0.0000
1.7725 0.0000
1.7734 0.0000
1.7744 0.0000
1.7754 0.0000
1.7764 0.0000
1.7773 0.0000
1.7783 0.0000
1.7793 0.0000
1.7803 0.0000
1.7812 0.0000
1.7822 0.0000
1.7832 0.0000
1.7842 0.0000
1.7852 0.0000
1.7861 0.0000
1.7871 0.0000
1.7881 0.0000
1.7891 0.0000
1.7900 0.0000
1.7910 0.0000
1.7920 0.0000
1.7930 0.0000
1.7939 0.0000
1.7949 0.0000
1.7959 0.0000
1.7969 0.0000
1.7979 0.0000
1.7988 0.0000
1.7998 0.0000
1.8008 0.0000
1.8018 0.0000
1.8027 0.0000
1.8037 0.0000
1.8047 0.0000
1.8057 0.0000
1.8066 0.0000
1.8076 0.0000
1.8086 0.0000
1.8096 0.0000
1.8105 0.0000
1.8115 0.0000
1.8125 0.0000
1.8135 0.0000
1.8145 0.0000
1.8154 0.0000
1.8164 0.0000
1.8174 0.0000
1.8184 0.0000
1.8193 0.0000
1.8203 0.0000
1.8213 0.0000
1.8223 0.0000
1.8232 0.0000
1.8242 0.0000
1.8252 0.0000
1.8262 0.0000
1.8271 0.0000
1.8281 0.0000
1.8291 0.0000
1.8301 0.0000
1.8311 0.0000
1.8320 0.0000
1.8330 0.0000
1.8340 0.0000
1.8350 0.0000
1.8359 0.0000
1.8369 0.0000
1.8379 0.0000
1.8389 0.0000
1.8398 0.0000
1.8408 0.0000
1.8418 0.0000
1.8428 0.0000
1.8438 0.0000
1.8447 0.0000
1.8457 0.0000
1.8467 0.0000
1.8477 0.0000
1.8486 0.0000
1.8496 0.0000
1.8506 0.0000
1.8516 0.0000
1.8525 0.0000
1.8535 0.0000
1.8545 0.0000
1.8555 0.0000
1.8564 0.0000
1.8574 0.0000
1.8584 0.0000
1.8594 0.0000
1.8604 0.0000
1.8613 0.0000
1.8623 0.0000
1.8633 0.0000
1.8643 0.0000
1.8652 0.0000
1.8662 0.0000
1.8672 0.0000
1.8682 0.0000
1.8691 0.0000
1.8701 0.0000
1.8711 0.0000
1.8721 0.0000
1.8730 0.0000
1.8740 0.0000
1.8750 0.0000
1.8760 0.0000
1.8770 0.0000
1.8779 0.0000
1.8789 0.0000
1.8799 0.0000
1.8809 0.0000
1.8818 0.0000
1.8828 0.0000
1.8838 0.0000
1.8848 0.0000
1.8857 0.0000
1.8867 0.0000
1.8877 0.0000
1.8887 0.0000
1.8896 0.0000
1.8906 0.0000
1.8916 0.0000
1.8926 0.0000
1.8936 0.0000
1.8945 0.0000
1.8955 0.0000
1.8965 0.0000
1.8975 0.0000
1.8984 0.0000
1.8994 0.0000
1.9004 0.0000
1.9014 0.0000
1.9023 0.0000
1.9033 0.0000
1.9043 0.0000
1.9053 0.0000
1.9062 0.0000
1.9072 0.0000
1.9082 0.0000
1.9092 0.0000
1.9102 0.0000
1.9111 0.0000
1.9121 0.0000
1.9131 0.0000
1.9141 0.0000
1.9150 0.0000
1.9160 0.0000
1.9170 0.0000
1.9180 0.0000
1.9189 0.0000
1.9199 0.0000
1.9209 0.0000
1.9219 0.0000
1.9229 0.0000
1.9238 0.0000
1.9248 0.0000
1.9258 0.0000
1.9268 0.0000
1.9277 0.0000
1.9287 0.0000
1.9297 0.0000
1.9307 0.0000
1.9316 0.0000
1.9326 0.0000
1.9336 0.0000
1.9346 0.0000
1.9355 0.0000
1.9365 0.0000
1.9375 0.0000
1.9385 0.0000
1.9395 0.0000
1.9404 0.0000
1.9414 0.0000
1.9424 0.0000
1.9434 0.0000
1.9443 0.0000
1.9453 0.0000
1.9463 0.0000
1.9473 0.0000
1.9482 0.0000
1.9492 0.0000
1.9502 0.0000
1.9512 0.0000
1.9521 0.0000
1.9531 0.0000
1.9541 0.0000
1.9551 0.0000
1.9561 0.0000
1.9570 0.0000
1.9580 0.0000
1.9590 0.0000
1.9600 0.0000
1.9609 0.0000
1.9619 0.0000
1.9629 0.0000
1.9639 0.0000
1.9648 0.0000
1.9658 0.0000
1.9668 0.0000
1.9678 0.0000
1.9688 0.0000
1.9697 0.0000
1.9707 0.0000
1.9717 0.0000
1.9727 0.0000
1.9736 0.0000
1.9746 0.0000
1.9756 0.0000
1.9766 0.0000
1.9775 0.0000
1.9785 0.0000
1.9795 0.0000
1.9805 0.0000
1.9814 0.0000
1.9824 0.0000
1.9834 0.0000
1.9844 0.0000
1.9854 0.0000
1.9863 0.0000
1.9873 0.0000
1.9883 0.0000
1.9893 0.0000
1.9902 0.0000
1.9912 0.0000
1.9922 0.0000
1.9932 0.0000
1.9941 0.0000
1.9951 0.0000
1.9961 0.0000
1.9971 0.0000
1.9980 0.0000
1.9990 0.0000
2.0000 0.0000
2.0010 0.0000
2.0020 0.0000
2.0029 0.0000
2.0039 0.0000
2.0049 0.0000
2.0059 0.0000
2.0068 0.0000
2.0078 0.0000
2.0088 0.0000
2.0098 0.0000
2.0107 0.0000
2.0117 0.0000
2.0127 0.0000
2.0137 0.0000
2.0146 0.0000
2.0156 0.0000
2.0166 0.0000
2.0176 0.0000
2.0186 0.0000
2.0195 0.0000
2.0205 0.0000
2.0215 0.0000
2.0225 0.0000
2.0234 0.0000
2.0244 0.0000
2.0254 0.0000
2.0264 0.0000
2.0273 0.0000
2.0283 0.0000
2.0293 0.0000
2.0303 0.0000
2.0312 0.0000
2.0322 0.0000
2.0332 0.0000
2.0342 0.0000
2.0352 0.0000
2.0361 0.0000
2.0371 0.0000
2.0381 0.0000
2.0391 0.0000
2.0400 0.0000
2.0410 0.0000
2.0420 0.0000
2.0430 0.0000
2.0439 0.0000
2.0449 0.0000
2.0459 0.0000
2.0469 0.0000
2.0479 0.0000
2.0488 0.0000
2.0498 0.0000
2.0508 0.0000
2.0518 0.0000
2.0527 0.0000
2.0537 0.0000
2.0547 0.0000
2.0557 0.0000
2.0566 0.0000
2.0576 0.0000
2.0586 0.0000
2.0596 0.0000
2.0605 0.0000
2.0615 0.0000
2.0625 0.0000
2.0635 0.0000
2.0645 0.0000
2.0654 0.0000
2.0664 0.0000
2.0674 0.0000
2.0684 0.0000
2.0693 0.0000
2.0703 0.0000
2.0713 0.0000
2.0723 0.0000
2.0732 0.0000
2.0742 0.0000
2.0752 0.0000
2.0762 0.0000
2.0771 0.0000
2.0781 0.0000
2.0791 0.0000
2.0801 0.0000
2.0811 0.0000
2.0820 0.0000
2.0830 0.0000
2.0840 0.0000
2.0850 0.0000
2.0859 0.0000
2.0869 0.0000
2.0879 0.0000
2.0889 0.0000
2.0898 0.0000
2.0908 0.0000
2.0918 0.0000
2.0928 0.0000
2.0938 0.0000
2.0947 0.0000
2.0957 0.0000
2.0967 0.0000
2.0977 0.0000
2.0986 0.0000
2.0996 0.0000
2.1006 0.0000
2.1016 0.0000
2.1025 0.0000
2.1035 0.0000
2.1045 0.0000
2.1055 0.0000
2.1064 0.0000
2.1074 0.0000
2.1084 0.0000
2.1094 0.0000
2.1104 0.0000
2.1113 0.0000
2.1123 0.0000
2.1133 0.0000
2.1143 0.0000
2.1152 0.0000
2.1162 0.0000
2.1172 0.0000
2.1182 0.0000
2.1191 0.0000
2.1201 0.0000
2.1211 0.0000
2.1221 0.0000
2.1230 0.0000
2.1240 0.0000
2.1250 0.0000
2.1260 0.0000
2.1270 0.0000
2.1279 0.0000
2.1289 0.0000
2.1299 0.0000
2.1309 0.0000
2.1318 0.0000
2.1328 0.0000
2.1338 0.0000
2.1348 0.0000
2.1357 0.0000
2.1367 0.0000
2.1377 0.0000
2.1387 0.0000
2.1396 0.0000
2.1406 0.0000
2.1416 0.0000
2.1426 0.0000
2.1436 0.0000
2.1445 0.0000
2.1455 0.0000
2.1465 0.0000
2.1475 0.0000
2.1484 0.0000
2.1494 0.0000
2.1504 0.0000
2.1514 0.0000
2.1523 0.0000
2.1533 0.0000
2.1543 0.0000
2.1553 0.0000
2.1562 0.0000
2.1572 0.0000
2.1582 0.0000
2.1592 0.0000
2.1602 0.0000
2.1611 0.0000
2.1621 0.0000
2.1631 0.0000
2.1641 0.0000
2.1650 0.0000
2.1660 0.0000
2.1670 0.0000
2.1680 0.0000
2.1689 0.0000
2.1699 0.0000
2.1709 0.0000
2.1719 0.0000
2.1729 0.0000
2.1738 0.0000
2.1748 0.0000
2.1758 0.0000
2.1768 0.0000
2.1777 0.0000
2.1787 0.0000
2.1797 0.0000
2.1807 0.0000
2.1816 0.0000
2.1826 0.0000
2.1836 0.0000
2.1846 0.0000
2.1855 0.0000
2.1865 0.0000
2.1875 0.0000
2.1885 0.0000
2.1895 0.0000
2.1904 0.0000
2.1914 0.0000
2.1924 0.0000
2.1934 0.0000
2.1943 0.0000
2.1953 0.0000
2.1963 0.0000
2.1973 0.0000
2.1982 0.0000
2.1992 0.0000
2.2002 0.0000
2.2012 0.0000
2.2021 0.0000
2.2031 0.0000
2.2041 0.0000
2.2051 0.0000
2.2061 0.0000
2.2070 0.0000
2.2080 0.0000
2.2090 0.0000
2.2100 0.0000
2.2109 0.0000
2.2119 0.0000
2.2129 0.0000
2.2139 0.0000
2.2148 0.0000
2.2158 0.0000
2.2168 0.0000
2.2178 0.0000
2.2188 0.0000
2.2197 0.0000
2.2207 0.0000
2.2217 0.0000
2.2227 0.0000
2.2236 0.0000
2.2246 0.0000
2.2256 0.0000
2.2266 0.0000
2.2275 0.0000
2.2285 0.0000
2.2295 0.0000
2.2305 0.0000
2.2314 0.0000
2.2324 0.0000
2.2334 0.0000
2.2344 0.0000
2.2354 0.0000
2.2363 0.0000
2.2373 0.0000
2.2383 0.0000
2.2393 0.0000
2.2402 0.0000
2.2412 0.0000
2.2422 0.0000
2.2432 0.0000
2.2441 0.0000
2.2451 0.0000
2.2461 0.0000
2.2471 0.0000
2.2480 0.0000
2.2490 0.0000
2.2500 0.0000
2.2510 0.0000
2.2520 0.0000
2.2529 0.0000
2.2539 0.0000
2.2549 0.0000
2.2559 0.0000
2.2568 0.0000
2.2578 0.0000
2.2588 0.0000
2.2598 0.0000
2.2607 0.0000
2.2617 0.0000
2.2627 0.0000
2.2637 0.0000
2.2646 0.0000
2.2656 0.0000
2.2666 0.0000
2.2676 0.0000
2.2686 0.0000
2.2695 0.0000
2.2705 0.0000
2.2715 0.0000
2.2725 0.0000
2.2734 0.0000
2.2744 0.0000
2.2754 0.0000
2.2764 0.0000
2.2773 0.0000
2.2783 0.0000
2.2793 0.0000
2.2803 0.0000
2.2812 0.0000
2.2822 0.0000
2.2832 0.0000
2.2842 0.0000
2.2852 0.0000
2.2861 0.0000
2.2871 0.0000
2.2881 0.0000
2.2891 0.0000
2.2900 0.0000
2.2910 0.0000
2.2920 0.0000
2.2930 0.0000
2.2939 0.0000
2.2949 0.0000
2.2959 0.0000
2.2969 0.0000
2.2979 0.0000
2.2988 0.0000
2.2998 0.0000
2.3008 0.0000
2.3018 0.0000
2.3027 0.0000
2.3037 0.0000
2.3047 0.0000
2.3057 0.0000
2.3066 0.0000
2.3076 0.0000
2.3086 0.0000
2.3096 0.0000
2.3105 0.0000
2.3115 0.0000
2.3125 0.0000
2.3135 0.0000
2.3145 0.0000
2.3154 0.0000
2.3164 0.0000
2.3174 0.0000
2.3184 0.0000
2.3193 0.0000
2.3203 0.0000
2.3213 0.0000
2.3223 0.0000
2.3232 0.0000
2.3242 0.0000
2.3252 0.0000
2.3262 0.0000
2.3271 0.0000
2.3281 0.0000
2.3291 0.0000
2.3301 0.0000
2.3311 0.0000
2.3320 0.0000
2.3330 0.0000
2.3340 0.0000
2.3350 0.0000
2.3359 0.0000
2.3369 0.0000
2.3379 0.0000
2.3389 0.0000
2.3398 0.0000
2.3408 0.0000
2.3418 0.0000
2.3428 0.0000
2.3438 0.0000
2.3447 0.0000
2.3457 0.0000
2.3467 0.0000
2.3477 0.0000
2.3486 0.0000
2.3496 0.0000
2.3506 0.0000
2.3516 0.0000
2.3525 0.0000
2.3535 0.0000
2.3545 0.0000
2.3555 0.0000
2.3564 0.0000
2.3574 0.0000
2.3584 0.0000
2.3594 0.0000
2.3604 0.0000
2.3613 0.0000
2.3623 0.0000
2.3633 0.0000
2.3643 0.0000
2.3652 0.0000
2.3662 0.0000
2.3672 0.0000
2.3682 0.0000
2.3691 0.0000
2.3701 0.0000
2.3711 0.0000
2.3721 0.0000
2.3730 0.0000
2.3740 0.0000
2.3750 0.0000
2.3760 0.0000
2.3770 0.0000
2.3779 0.0000
2.3789 0.0000
2.3799 0.0000
2.3809 0.0000
2.3818 0.0000
2.3828 0.0000
2.3838 0.0000
2.3848 0.0000
2.3857 0.0000
2.3867 0.0000
2.3877 0.0000
2.3887 0.0000
2.3896 0.0000
2.3906 0.0000
2.3916 0.0000
2.3926 0.0000
2.3936 0.0000
2.3945 0.0000
2.3955 0.0000
2.3965 0.0000
2.3975 0.0000
2.3984 0.0000
2.3994 0.0000
2.4004 0.0000
2.4014 0.0000
2.4023 0.0000
2.4033 0.0000
2.4043 0.0000
2.4053 0.0000
2.4062 0.0000
2.4072 0.0000
2.4082 0.0000
2.4092 0.0000
2.4102 0.0000
2.4111 0.0000
2.4121 0.0000
2.4131 0.0000
2.4141 0.0000
2.4150 0.0000
2.4160 0.0000
2.4170 0.0000
2.4180 0.0000
2.4189 0.0000
2.4199 0.0000
2.4209 0.0000
2.4219 0.0000
2.4229 0.0000
2.4238 0.0000
2.4248 0.0000
2.4258 0.0000
2.4268 0.0000
2.4277 0.0000
2.4287 0.0000
2.4297 0.0000
2.4307 0.0000
2.4316 0.0000
2.4326 0.0000
2.4336 0.0000
2.4346 0.0000
2.4355 0.0000
2.4365 0.0000
2.4375 0.0000
2.4385 0.0000
2.4395 0.0000
2.4404 0.0000
2.4414 0.0000
2.4424 0.0000
2.4434 0.0000
2.4443 0.0000
2.4453 0.0000
2.4463 0.0000
2.4473 0.0000
2.4482 0.0000
2.4492 0.0000
2.4502 0.0000
2.4512 0.0000
2.4521 0.0000
2.4531 0.0000
2.4541 0.0000
2.4551 0.0000
2.4561 0.0000
2.4570 0.0000
2.4580 0.0000
2.4590 0.0000
2.4600 0.0000
2.4609 0.0000
2.4619 0.0000
2.4629 0.0000
2.4639 0.0000
2.4648 0.0000
2.4658 0.0000
2.4668 0.0000
2.4678 0.0000
2.4688 0.0000
2.4697 0.0000
2.4707 0.0000
2.4717 0.0000
2.4727 0.0000
2.4736 0.0000
2.4746 0.0000
2.4756 0.0000
2.4766 0.0000
2.4775 0.0000
2.4785 0.0000
2.4795 0.0000
2.4805 0.0000
2.4814 0.0000
2.4824 0.0000
2.4834 0.0000
2.4844 0.0000
2.4854 0.0000
2.4863 0.0000
2.4873 0.0000
2.4883 0.0000
2.4893 0.0000
2.4902 0.0000
2.4912 0.0000
2.4922 0.0000
2.4932 0.0000
2.4941 0.0000
2.4951 0.0000
2.4961 0.0000
2.4971 0.0000
2.4980 0.0000
2.4990 0.0000
2.5000 0.0000
2.5010 0.0000
2.5020 0.0000
2.5029 0.0000
2.5039 0.0000
2.5049 0.0000
2.5059 0.0000
2.5068 0.0000
2.5078 0.0000
2.5088 0.0000
2.5098 0.0000
2.5107 0.0000
2.5117 0.0000
2.5127 0.0000
2.5137 0.0000
2.5146 0.0000
2.5156 0.0000
2.5166 0.0000
2.5176 0.0000
2.5186 0.0000
2.5195 0.0000
2.5205 0.0000
2.5215 0.0000
2.5225 0.0000
2.5234 0.0000
2.5244 0.0000
2.5254 0.0000
2.5264 0.0000
2.5273 0.0000
2.5283 0.0000
2.5293 0.0000
2.5303 0.0000
2.5312 0.0000
2.5322 0.0000
2.5332 0.0000
2.5342 0.0000
2.5352 0.0000
2.5361 0.0000
2.5371 0.0000
2.5381 0.0000
2.5391 0.0000
2.5400 0.0000
2.5410 0.0000
2.5420 0.0000
2.5430 0.0000
2.5439 0.0000
2.5449 0.0000
2.5459 0.0000
2.5469 0.0000
2.5479 0.0000
2.5488 0.0000
2.5498 0.0000
2.5508 0.0000
2.5518 0.0000
2.5527 0.0000
2.5537 0.0000
2.5547 0.0000
2.5557 0.0000
2.5566 0.0000
2.5576 0.0000
2.5586 0.0000
2.5596 0.0000
2.5605 0.0000
2.5615 0.0000
2.5625 0.0000
2.5635 0.0000
2.5645 0.0000
2.5654 0.0000
2.5664 0.0000
2.5674 0.0000
2.5684 0.0000
2.5693 0.0000
2.5703 0.0000
2.5713 0.0000
2.5723 0.0000
2.5732 0.0000
2.5742 0.0000
2.5752 0.0000
2.5762 0.0000
2.5771 0.0000
2.5781 0.0000
2.5791 0.0000
2.5801 0.0000
2.5811 0.0000
2.5820 0.0000
2.5830 0.0000
2.5840 0.0000
2.5850 0.0000
2.5859 0.0000
2.5869 0.0000
2.5879 0.0000
2.5889 0.0000
2.5898 0.0000
2.5908 0.0000
2.5918 0.0000
2.5928 0.0000
2.5938 0.0000
2.5947 0.0000
2.5957 0.0000
2.5967 0.0000
2.5977 0.0000
2.5986 0.0000
2.5996 0.0000
2.6006 0.0000
2.6016 0.0000
2.6025 0.0000
2.6035 0.0000
2.6045 0.0000
2.6055 0.0000
2.6064 0.0000
2.6074 0.0000
2.6084 0.0000
2.6094 0.0000
2.6104 0.0000
2.6113 0.0000
2.6123 0.0000
2.6133 0.0000
2.6143 0.0000
2.6152 0.0000
2.6162 0.0000
2.6172 0.0000
2.6182 0.0000
2.6191 0.0000
2.6201 0.0000
2.6211 0.0000
2.6221 0.0000
2.6230 0.0000
2.6240 0.0000
2.6250 0.0000
2.6260 0.0000
2.6270 0.0000
2.6279 0.0000
2.6289 0.0000
2.6299 0.0000
2.6309 0.0000
2.6318 0.0000
2.6328 0.0000
2.6338 0.0000
2.6348 0.0000
2.6357 0.0000
2.6367 0.0000
2.6377 0.0000
2.6387 0.0000
2.6396 0.0000
2.6406 0.0000
2.6416 0.0000
2.6426 0.0000
2.6436 0.0000
2.6445 0.0000
2.6455 0.0000
2.6465 0.0000
2.6475 0.0000
2.6484 0.0000
2.6494 0.0000
2.6504 0.0000
2.6514 0.0000
2.6523 0.0000
2.6533 0.0000
2.6543 0.0000
2.6553 0.0000
2.6562 0.0000
2.6572 0.0000
2.6582 0.0000
2.6592 0.0000
2.6602 0.0000
2.6611 0.0000
2.6621 0.0000
2.6631 0.0000
2.6641 0.0000
2.6650 0.0000
2.6660 0.0000
2.6670 0.0000
2.6680 0.0000
2.6689 0.0000
2.6699 0.0000
2.6709 0.0000
2.6719 0.0000
2.6729 0.0000
2.6738 0.0000
2.6748 0.0000
2.6758 0.0000
2.6768 0.0000
2.6777 0.0000
2.6787 0.0000
2.6797 0.0000
2.6807 0.0000
2.6816 0.0000
2.6826 0.0000
2.6836 0.0000
2.6846 0.0000
2.6855 0.0000
2.6865 0.0000
2.6875 0.0000
2.6885 0.0000
2.6895 0.0000
2.6904 0.0000
2.6914 0.0000
2.6924 0.0000
2.6934 0.0000
2.6943 0.0000
2.6953 0.0000
2.6963 0.0000
2.6973 0.0000
2.6982 0.0000
2.6992 0.0000
2.7002 0.0000
2.7012 0.0000
2.7021 0.0000
2.7031 0.0000
2.7041 0.0000
2.7051 0.0000
2.7061 0.0000
2.7070 0.0000
2.7080 0.0000
2.7090 0.0000
2.7100 0.0000
2.7109 0.0000
2.7119 0.0000
2.7129 0.0000
2.7139 0.0000
2.7148 0.0000
2.7158 0.0000
2.7168 0.0000
2.7178 0.0000
2.7188 0.0000
2.7197 0.0000
2.7207 0.0000
2.7217 0.0000
2.7227 0.0000
2.7236 0.0000
2.7246 0.0000
2.7256 0.0000
2.7266 0.0000
2.7275 0.0000
2.7285 0.0000
2.7295 0.0000
2.7305 0.0000
2.7314 0.0000
2.7324 0.0000
2.7334 0.0000
2.7344 0.0000
2.7354 0.0000
2.7363 0.0000
2.7373 0.0000
2.7383 0.0000
2.7393 0.0000
2.7402 0.0000
2.7412 0.0000
2.7422 0.0000
2.7432 0.0000
2.7441 0.0000
2.7451 0.0000
2.7461 0.0000
2.7471 0.0000
2.7480 0.0000
2.7490 0.0000
2.7500 0.0000
2.7510 0.0000
2.7520 0.0000
2.7529 0.0000
2.7539 0.0000
2.7549 0.0000
2.7559 0.0000
2.7568 0.0000
2.7578 0.0000
2.7588 0.0000
2.7598 0.0000
2.7607 0.0000
2.7617 0.0000
2.7627 0.0000
2.7637 0.0000
2.7646 0.0000
2.7656 0.0000
2.7666 0.0000
2.7676 0.0000
2.7686 0.0000
2.7695 0.0000
2.7705 0.0000
2.7715 0.0000
2.7725 0.0000
2.7734 0.0000
2.7744 0.0000
2.7754 0.0000
2.7764 0.0000
2.7773 0.0000
2.7783 0.0000
2.7793 0.0000
2.7803 0.0000
2.7812 0.0000
2.7822 0.0000
2.7832 0.0000
2.7842 0.0000
2.7852 0.0000
2.7861 0.0000
2.7871 0.0000
2.7881 0.0000
2.7891 0.0000
2.7900 0.0000
2.7910 0.0000
2.7920 0.0000
2.7930 0.0000
2.7939 0.0000
2.7949 0.0000
2.7959 0.0000
2.7969 0.0000
2.7979 0.0000
2.7988 0.0000
2.7998 0.0000
2.8008 0.0000
2.8018 0.0000
2.8027 0.0000
2.8037 0.0000
2.8047 0.0000
2.8057 0.0000
2.8066 0.0000
2.8076 0.0000
2.8086 0.0000
2.8096 0.0000
2.8105 0.0000
2.8115 0.0000
2.8125 0.0000
2.8135 0.0000
2.8145 0.0000
2.8154 0.0000
2.8164 0.0000
2.8174 0.0000
2.8184 0.0000
2.8193 0.0000
2.8203 0.0000
2.8213 0.0000
2.8223 0.0000
2.8232 0.0000
2.8242 0.0000
2.8252 0.0000
2.8262 0.0000
2.8271 0.0000
2.8281 0.0000
2.8291 0.0000
2.8301 0.0000
2.8311 0.0000
2.8320 0.0000
2.8330 0.0000
2.8340 0.0000
2.8350 0.0000
2.8359 0.0000
2.8369 0.0000
2.8379 0.0000
2.8389 0.0000
2.8398 0.0000
2.8408 0.0000
2.8418 0.0000
2.8428 0.0000
2.8438 0.0000
2.8447 0.0000
2.8457 0.0000
2.8467 0.0000
2.8477 0.0000
2.8486 0.0000
2.8496 0.0000
2.8506 0.0000
2.8516 0.0000
2.8525 0.0000
2.8535 0.0000
2.8545 0.0000
2.8555 0.0000
2.8564 0.0000
2.8574 0.0000
2.8584 0.0000
2.8594 0.0000
2.8604 0.0000
2.8613 0.0000
2.8623 0.0000
2.8633 0.0000
2.8643 0.0000
2.8652 0.0000
2.8662 0.0000
2.8672 0.0000
2.8682 0.0000
2.8691 0.0000
2.8701 0.0000
2.8711 0.0000
2.8721 0.0000
2.8730 0.0000
2.8740 0.0000
2.8750 0.0000
2.8760 0.0000
2.8770 0.0000
2.8779 0.0000
2.8789 0.0000
2.8799 0.0000
2.8809 0.0000
2.8818 0.0000
2.8828 0.0000
2.8838 0.0000
2.8848 0.0000
2.8857 0.0000
2.8867 0.0000
2.8877 0.0000
2.8887 0.0000
2.8896 0.0000
2.8906 0.0000
2.8916 0.0000
2.8926 0.0000
2.8936 0.0000
2.8945 0.0000
2.8955 0.0000
2.8965 0.0000
2.8975 0.0000
2.8984 0.0000
2.8994 0.0000
2.9004 0.0000
2.9014 0.0000
2.9023 0.0000
2.9033 0.0000
2.9043 0.0000
2.9053 0.0000
2.9062 0.0000
2.9072 0.0000
2.9082 0.0000
2.9092 0.0000
2.9102 0.0000
2.9111 0.0000
2.9121 0.0000
2.9131 0.0000
2.9141 0.0000
2.9150 0.0000
2.9160 0.0000
2.9170 0.0000
2.9180 0.0000
2.9189 0.0000
2.9199 0.0000
2.9209 0.0000
2.9219 0.0000
2.9229 0.0000
2.9238 0.0000
2.9248 0.0000
2.9258 0.0000
2.9268 0.0000
2.9277 0.0000
2.9287 0.0000
2.9297 0.0000
2.9307 0.0000
2.9316 0.0000
2.9326 0.0000
2.9336 0.0000
2.9346 0.0000
2.9355 0.0000
2.9365 0.0000
2.9375 0.0000
2.9385 0.0000
2.9395 0.0000
2.9404 0.0000
2.9414 0.0000
2.9424 0.0000
2.9434 0.0000
2.9443 0.0000
2.9453 0.0000
2.9463 0.0000
2.9473 0.0000
2.9482 0.0000
2.9492 0.0000
2.9502 0.0000
2.9512 0.0000
2.9521 0.0000
2.9531 0.0000
2.9541 0.0000
2.9551 0.0000
2.9561 0.0000
2.9570 0.0000
2.9580 0.0000
2.9590 0.0000
2.9600 0.0000
2.9609 0.0000
2.9619 0.0000
2.9629 0.0000
2.9639 0.0000
2.9648 0.0000
2.9658 0.0000
2.9668 0.0000
2.9678 0.0000
2.9688 0.0000
2.9697 0.0000
2.9707 0.0000
2.9717 0.0000
2.9727 0.0000
2.9736 0.0000
2.9746 0.0000
2.9756 0.0000
2.9766 0.0000
2.9775 0.0000
2.9785 0.0000
2.9795 0.0000
2.9805 0.0000
2.9814 0.0000
2.9824 0.0000
2.9834 0.0000
2.9844 0.0000
2.9854 0.0000
2.9863 0.0000
2.9873 0.0000
2.9883 0.0000
2.9893 0.0000
2.9902 0.0000
2.9912 0.0000
2.9922 0.0000
2.9932 0.0000
2.9941 0.0000
2.9951 0.0000
2.9961 0.0000
2.9971 0.0000
2.9980 0.0000
2.9990 0.0000
3.0000 0.0000
3.0010 0.0000
3.0020 0.0000
3.0029 0.0000
3.0039 0.0000
3.0049 0.0000
3.0059 0.0000
3.0068 0.0000
3.0078 0.0000
3.0088 0.0000
3.0098 0.0000
3.0107 0.0000
3.0117 0.0000
3.0127 0.0000
3.0137 0.0000
3.0146 0.0000
3.0156 0.0000
3.0166 0.0000
3.0176 0.0000
3.0186 0.0000
3.0195 0.0000
3.0205 0.0000
3.0215 0.0000
3.0225 0.0000
3.0234 0.0000
3.0244 0.0000
3.0254 0.0000
3.0264 0.0000
3.0273 0.0000
3.0283 0.0000
3.0293 0.0000
3.0303 0.0000
3.0312 0.0000
3.0322 0.0000
3.0332 0.0000
3.0342 0.0000
3.0352 0.0000
3.0361 0.0000
3.0371 0.0000
3.0381 0.0000
3.0391 0.0000
3.0400 0.0000
3.0410 0.0000
3.0420 0.0000
3.0430 0.0000
3.0439 0.0000
3.0449 0.0000
3.0459 0.0000
3.0469 0.0000
3.0479 0.0000
3.0488 0.0000
3.0498 0.0000
3.0508 0.0000
3.0518 0.0000
3.0527 0.0000
3.0537 0.0000
3.0547 0.0000
3.0557 0.0000
3.0566 0.0000
3.0576 0.0000
3.0586 0.0000
3.0596 0.0000
3.0605 0.0000
3.0615 0.0000
3.0625 0.0000
3.0635 0.0000
3.0645 0.0000
3.0654 0.0000
3.0664 0.0000
3.0674 0.0000
3.0684 0.0000
3.0693 0.0000
3.0703 0.0000
3.0713 0.0000
3.0723 0.0000
3.0732 0.0000
3.0742 0.0000
3.0752 0.0000
3.0762 0.0000
3.0771 0.0000
3.0781 0.0000
3.0791 0.0000
3.0801 0.0000
3.0811 0.0000
3.0820 0.0000
3.0830 0.0000
3.0840 0.0000
3.0850 0.0000
3.0859 0.0000
3.0869 0.0000
3.0879 0.0000
3.0889 0.0000
3.0898 0.0000
3.0908 0.0000
3.0918 0.0000
3.0928 0.0000
3.0938 0.0000
3.0947 0.0000
3.0957 0.0000
3.0967 0.0000
3.0977 0.0000
3.0986 0.0000
3.0996 0.0000
3.1006 0.0000
3.1016 0.0000
3.1025 0.0000
3.1035 0.0000
3.1045 0.0000
3.1055 0.0000
3.1064 0.0000
3.1074 0.0000
3.1084 0.0000
3.1094 0.0000
3.1104 0.0000
3.1113 0.0000
3.1123 0.0000
3.1133 0.0000
3.1143 0.0000
3.1152 0.0000
3.1162 0.0000
3.1172 0.0000
3.1182 0.0000
3.1191 0.0000
3.1201 0.0000
3.1211 0.0000
3.1221 0.0000
3.1230 0.0000
3.1240 0.0000
3.1250 0.0000
3.1260 0.0000
3.1270 0.0000
3.1279 0.0000
3.1289 0.0000
3.1299 0.0000
3.1309 0.0000
3.1318 0.0000
3.1328 0.0000
3.1338 0.0000
3.1348 0.0000
3.1357 0.0000
3.1367 0.0000
3.1377 0.0000
3.1387 0.0000
3.1396 0.0000
3.1406 0.0000
3.1416 0.0000
3.1426 0.0000
3.1436 0.0000
3.1445 0.0000
3.1455 0.0000
3.1465 0.0000
3.1475 0.0000
3.1484 0.0000
3.1494 0.0000
3.1504 0.0000
3.1514 0.0000
3.1523 0.0000
3.1533 0.0000
3.1543 0.0000
3.1553 0.0000
3.1562 0.0000
3.1572 0.0000
3.1582 0.0000
3.1592 0.0000
3.1602 0.0000
3.1611 0.0000
3.1621 0.0000
3.1631 0.0000
3.1641 0.0000
3.1650 0.0000
3.1660 0.0000
3.1670 0.0000
3.1680 0.0000
3.1689 0.0000
3.1699 0.0000
3.1709 0.0000
3.1719 0.0000
3.1729 0.0000
3.1738 0.0000
3.1748 0.0000
3.1758 0.0000
3.1768 0.0000
3.1777 0.0000
3.1787 0.0000
3.1797 0.0000
3.1807 0.0000
3.1816 0.0000
3.1826 0.0000
3.1836 0.0000
3.1846 0.0000
3.1855 0.0000
3.1865 0.0000
3.1875 0.0000
3.1885 0.0000
3.1895 0.0000
3.1904 0.0000
3.1914 0.0000
3.1924 0.0000
3.1934 0.0000
3.1943 0.0000
3.1953 0.0000
3.1963 0.0000
3.1973 0.0000
3.1982 0.0000
3.1992 0.0000
3.2002 0.0000
3.2012 0.0000
3.2021 0.0000
3.2031 0.0000
3.2041 0.0000
3.2051 0.0000
3.2061 0.0000
3.2070 0.0000
3.2080 0.0000
3.2090 0.0000
3.2100 0.0000
3.2109 0.0000
3.2119 0.0000
3.2129 0.0000
3.2139 0.0000
3.2148 0.0000
3.2158 0.0000
3.2168 0.0000
3.2178 0.0000
3.2188 0.0000
3.2197 0.0000
3.2207 0.0000
3.2217 0.0000
3.2227 0.0000
3.2236 0.0000
3.2246 0.0000
3.2256 0.0000
3.2266 0.0000
3.2275 0.0000
3.2285 0.0000
3.2295 0.0000
3.2305 0.0000
3.2314 0.0000
3.2324 0.0000
3.2334 0.0000
3.2344 0.0000
3.2354 0.0000
3.2363 0.0000
3.2373 0.0000
3.2383 0.0000
3.2393 0.0000
3.2402 0.0000
3.2412 0.0000
3.2422 0.0000
3.2432 0.0000
3.2441 0.0000
3.2451 0.0000
3.2461 0.0000
3.2471 0.0000
3.2480 0.0000
3.2490 0.0000
3.2500 0.0000
3.2510 0.0000
3.2520 0.0000
3.2529 0.0000
3.2539 0.0000
3.2549 0.0000
3.2559 0.0000
3.2568 0.0000
3.2578 0.0000
3.2588 0.0000
3.2598 0.0000
3.2607 0.0000
3.2617 0.0000
3.2627 0.0000
3.2637 0.0000
3.2646 0.0000
3.2656 0.0000
3.2666 0.0000
3.2676 0.0000
3.2686 0.0000
3.2695 0.0000
3.2705 0.0000
3.2715 0.0000
3.2725 0.0000
3.2734 0.0000
3.2744 0.0000
3.2754 0.0000
3.2764 0.0000
3.2773 0.0000
3.2783 0.0000
3.2793 0.0000
3.2803 0.0000
3.2812 0.0000
3.2822 0.0000
3.2832 0.0000
3.2842 0.0000
3.2852 0.0000
3.2861 0.0000
3.2871 0.0000
3.2881 0.0000
3.2891 0.0000
3.2900 0.0000
3.2910 0.0000
3.2920 0.0000
3.2930 0.0000
3.2939 0.0000
3.2949 0.0000
3.2959 0.0000
3.2969 0.0000
3.2979 0.0000
3.2988 0.0000
3.2998 0.0000
3.3008 0.0000
3.3018 0.0000
3.3027 0.0000
3.3037 0.0000
3.3047 0.0000
3.3057 0.0000
3.3066 0.0000
3.3076 0.0000
3.3086 0.0000
3.3096 0.0000
3.3105 0.0000
3.3115 0.0000
3.3125 0.0000
3.3135 0.0000
3.3145 0.0000
3.3154 0.0000
3.3164 0.0000
3.3174 0.0000
3.3184 0.0000
3.3193 0.0000
3.3203 0.0000
3.3213 0.0000
3.3223 0.0000
3.3232 0.0000
3.3242 0.0000
3.3252 0.0000
3.3262 0.0000
3.3271 0.0000
3.3281 0.0000
3.3291 0.0000
3.3301 0.0000
3.3311 0.0000
3.3320 0.0000
3.3330 0.0000
3.3340 0.0000
3.3350 0.0000
3.3359 0.0000
3.3369 0.0000
3.3379 0.0000
3.3389 0.0000
3.3398 0.0000
3.3408 0.0000
3.3418 0.0000
3.3428 0.0000
3.3438 0.0000
3.3447 0.0000
3.3457 0.0000
3.3467 0.0000
3.3477 0.0000
3.3486 0.0000
3.3496 0.0000
3.3506 0.0000
3.3516 0.0000
3.3525 0.0000
3.3535 0.0000
3.3545 0.0000
3.3555 0.0000
3.3564 0.0000
3.3574 0.0000
3.3584 0.0000
3.3594 0.0000
3.3604 0.0000
3.3613 0.0000
3.3623 0.0000
3.3633 0.0000
3.3643 0.0000
3.3652 0.0000
3.3662 0.0000
3.3672 0.0000
3.3682 0.0000
3.3691 0.0000
3.3701 0.0000
3.3711 0.0000
3.3721 0.0000
3.3730 0.0000
3.3740 0.0000
3.3750 0.0000
3.3760 0.0000
3.3770 0.0000
3.3779 0.0000
3.3789 0.0000
3.3799 0.0000
3.3809 0.0000
3.3818 0.0000
3.3828 0.0000
3.3838 0.0000
3.3848 0.0000
3.3857 0.0000
3.3867 0.0000
3.3877 0.0000
3.3887 0.0000
3.3896 0.0000
3.3906 0.0000
3.3916 0.0000
3.3926 0.0000
3.3936 0.0000
3.3945 0.0000
3.3955 0.0000
3.3965 0.0000
3.3975 0.0000
3.3984 0.0000
3.3994 0.0000
3.4004 0.0000
3.4014 0.0000
3.4023 0.0000
3.4033 0.0000
3.4043 0.0000
3.4053 0.0000
3.4062 0.0000
3.4072 0.0000
3.4082 0.0000
3.4092 0.0000
3.4102 0.0000
3.4111 0.0000
3.4121 0.0000
3.4131 0.0000
3.4141 0.0000
3.4150 0.0000
3.4160 0.0000
3.4170 0.0000
3.4180 0.0000
3.4189 0.0000
3.4199 0.0000
3.4209 0.0000
3.4219 0.0000
3.4229 0.0000
3.4238 0.0000
3.4248 0.0000
3.4258 0.0000
3.4268 0.0000
3.4277 0.0000
3.4287 0.0000
3.4297 0.0000
3.4307 0.0000
3.4316 0.0000
3.4326 0.0000
3.4336 0.0000
3.4346 0.0000
3.4355 0.0000
3.4365 0.0000
3.4375 0.0000
3.4385 0.0000
3.4395 0.0000
3.4404 0.0000
3.4414 0.0000
3.4424 0.0000
3.4434 0.0000
3.4443 0.0000
3.4453 0.0000
3.4463 0.0000
3.4473 0.0000
3.4482 0.0000
3.4492 0.0000
3.4502 0.0000
3.4512 0.0000
3.4521 0.0001
3.4531 0.0001
3.4541 0.0001
3.4551 0.0002
3.4561 0.0002
3.4570 0.0003
3.4580 0.0005
3.4590 0.0007
3.4600 0.0010
3.4609 0.0014
3.4619 0.0020
3.4629 0.0027
3.4639 0.0037
3.4648 0.0050
3.4658 0.0068
3.4668 0.0090
3.4678 0.0120
3.4688 0.0157
3.4697 0.0205
3.4707 0.0264
3.4717 0.0339
3.4727 0.0430
3.4736 0.0542
3.4746 0.0678
3.4756 0.0840
3.4766 0.1033
3.4775 0.1261
3.4785 0.1526
3.4795 0.1831
3.4805 0.2180
3.4814 0.2575
3.4824 0.3017
3.4834 0.3506
3.4844 0.4041
3.4854 0.4621
3.4863 0.5241
3.4873 0.5898
3.4883 0.6583
3.4893 0.7288
3.4902 0.8005
3.4912 0.8722
3.4922 0.9427
3.4932 1.0107
3.4941 1.0750
3.4951 1.1342
3.4961 1.1871
3.4971 1.2326
3.4980 1.2696
3.4990 1.2972
3.5000 1.3149
3.5010 1.3222
3.5020 1.3189
3.5029 1.3051
3.5039 1.2811
3.5049 1.2476
3.5059 1.2052
3.5068 1.1549
3.5078 1.0980
3.5088 1.0354
3.5098 0.9687
3.5107 0.8990
3.5117 0.8276
3.5127 0.7559
3.5137 0.6848
3.5146 0.6155
3.5156 0.5488
3.5166 0.4854
3.5176 0.4260
3.5186 0.3710
3.5195 0.3206
3.5205 0.2751
3.5215 0.2344
3.5225 0.1985
3.5234 0.1673
3.5244 0.1405
3.5254 0.1181
3.5264 0.0997
3.5273 0.0851
3.5283 0.0741
3.5293 0.0666
3.5303 0.0623
3.5312 0.0613
3.5322 0.0635
3.5332 0.0688
3.5342 0.0775
3.5352 0.0895
3.5361 0.1052
3.5371 0.1246
3.5381 0.1480
3.5391 0.1755
3.5400 0.2075
3.5410 0.2440
3.5420 0.2852
3.5430 0.3312
3.5439 0.3817
3.5449 0.4368
3.5459 0.4962
3.5469 0.5595
3.5479 0.6260
3.5488 0.6953
3.5498 0.7665
3.5508 0.8386
3.5518 0.9107
3.5527 0.9817
3.5537 1.0504
3.5547 1.1155
3.5557 1.1761
3.5566 1.2308
3.5576 1.2786
3.5586 1.3186
3.5596 1.3499
3.5605 1.3720
3.5615 1.3844
3.5625 1.3869
3.5635 1.3794
3.5645 1.3622
3.5654 1.3359
3.5664 1.3010
3.5674 1.2586
3.5684 1.2096
3.5693 1.1554
3.5703 1.0972
3.5713 1.0368
3.5723 0.9755
3.5732 0.9150
3.5742 0.8571
3.5752 0.8033
3.5762 0.7553
3.5771 0.7146
3.5781 0.6829
3.5791 0.6614
3.5801 0.6517
3.5811 0.6548
3.5820 0.6719
3.5830 0.7038
3.5840 0.7513
3.5850 0.8149
3.5859 0.8946
3.5869 0.9906
3.5879 1.1024
3.5889 1.2293
3.5898 1.3701
3.5908 1.5235
3.5918 1.6875
3.5928 1.8601
3.5938 2.0385
3.5947 2.2199
3.5957 2.4013
3.5967 2.5792
3.5977 2.7504
3.5986 2.9114
3.5996 3.0589
3.6006 3.1898
3.6016 3.3012
3.6025 3.3907
3.6035 3.4563
3.6045 3.4966
3.6055 3.5106
3.6064 3.4981
3.6074 3.4593
3.6084 3.3954
3.6094 3.3076
3.6104 3.1979
3.6113 3.0688
3.6123 2.9230
3.6133 2.7633
3.6143 2.5930
3.6152 2.4151
3.6162 2.2327
3.6172 2.0488
3.6182 1.8661
3.6191 1.6872
3.6201 1.5142
3.6211 1.3490
3.6221 1.1930
3.6230 1.0475
3.6240 0.9132
3.6250 0.7907
3.6260 0.6801
3.6270 0.5815
3.6279 0.4947
3.6289 0.4193
3.6299 0.3549
3.6309 0.3010
3.6318 0.2572
3.6328 0.2229
3.6338 0.1978
3.6348 0.1815
3.6357 0.1739
3.6367 0.1749
3.6377 0.1846
3.6387 0.2033
3.6396 0.2312
3.6406 0.2689
3.6416 0.3169
3.6426 0.3758
3.6436 0.4463
3.6445 0.5290
3.6455 0.6245
3.6465 0.7331
3.6475 0.8552
3.6484 0.9908
3.6494 1.1397
3.6504 1.3012
3.6514 1.4745
3.6523 1.6582
3.6533 1.8506
3.6543 2.0496
3.6553 2.2528
3.6562 2.4572
3.6572 2.6598
3.6582 2.8572
3.6592 3.0460
3.6602 3.2228
3.6611 3.3841
3.6621 3.5266
3.6631 3.6476
3.6641 3.7444
3.6650 3.8149
3.6660 3.8578
3.6670 3.8721
3.6680 3.8576
3.6689 3.8147
3.6699 3.7445
3.6709 3.6487
3.6719 3.5295
3.6729 3.3898
3.6738 3.2327
3.6748 3.0616
3.6758 2.8802
3.6768 2.6923
3.6777 2.5018
3.6787 2.3123
3.6797 2.1274
3.6807 1.9505
3.6816 1.7847
3.6826 1.6326
3.6836 1.4968
3.6846 1.3791
3.6855 1.2812
3.6865 1.2044
3.6875 1.1496
3.6885 1.1172
3.6895 1.1074
3.6904 1.1200
3.6914 1.1543
3.6924 1.2094
3.6934 1.2841
3.6943 1.3768
3.6953 1.4855
3.6963 1.6079
3.6973 1.7417
3.6982 1.8840
3.6992 2.0319
3.7002 2.1822
3.7012 2.3318
3.7021 2.4773
3.7031 2.6155
3.7041 2.7433
3.7051 2.8578
3.7061 2.9562
3.7070 3.0364
3.7080 3.0964
3.7090 3.1347
3.7100 3.1505
3.7109 3.1433
3.7119 3.1133
3.7129 3.0612
3.7139 2.9879
3.7148 2.8952
3.7158 2.7850
3.7168 2.6596
3.7178 2.5213
3.7188 2.3730
3.7197 2.2172
3.7207 2.0567
3.7217 1.8940
3.7227 1.7317
3.7236 1.5719
3.7246 1.4166
3.7256 1.2675
3.7266 1.1260
3.7275 0.9933
3.7285 0.8700
3.7295 0.7568
3.7305 0.6540
3.7314 0.5616
3.7324 0.4795
3.7334 0.4074
3.7344 0.3450
3.7354 0.2919
3.7363 0.2476
3.7373 0.2117
3.7383 0.1839
3.7393 0.1638
3.7402 0.1512
3.7412 0.1461
3.7422 0.1485
3.7432 0.1586
3.7441 0.1766
3.7451 0.2031
3.7461 0.2385
3.7471 0.2836
3.7480 0.3391
3.7490 0.4056
3.7500 0.4838
3.7510 0.5745
3.7520 0.6782
3.7529 0.7951
3.7539 0.9254
3.7549 1.0688
3.7559 1.2249
3.7568 1.3928
3.7578 1.5711
3.7588 1.7581
3.7598 1.9516
3.7607 2.1491
3.7617 2.3476
3.7627 2.5441
3.7637 2.7350
3.7646 2.9168
3.7656 3.0859
3.7666 3.2389
3.7676 3.3726
3.7686 3.4840
3.7695 3.5707
3.7705 3.6307
3.7715 3.6627
3.7725 3.6660
3.7734 3.6406
3.7744 3.5872
3.7754 3.5070
3.7764 3.4022
3.7773 3.2750
3.7783 3.1285
3.7793 2.9658
3.7803 2.7905
3.7812 2.6062
3.7822 2.4165
3.7832 2.2249
3.7842 2.0346
3.7852 1.8489
3.7861 1.6703
3.7871 1.5012
3.7881 1.3436
3.7891 1.1991
3.7900 1.0687
3.7910 0.9533
3.7920 0.8531
3.7930 0.7683
3.7939 0.6986
3.7949 0.6435
3.7959 0.6023
3.7969 0.5740
3.7979 0.5576
3.7988 0.5520
3.7998 0.5560
3.8008 0.5682
3.8018 0.5873
3.8027 0.6120
3.8037 0.6411
3.8047 0.6732
3.8057 0.7070
3.8066 0.7414
3.8076 0.7752
3.8086 0.8074
3.8096 0.8370
3.8105 0.8632
3.8115 0.8853
3.8125 0.9026
3.8135 0.9146
3.8145 0.9210
3.8154 0.9215
3.8164 0.9161
3.8174 0.9048
3.8184 0.8878
3.8193 0.8654
3.8203 0.8379
3.8213 0.8058
3.8223 0.7698
3.8232 0.7304
3.8242 0.6882
3.8252 0.6441
3.8262 0.5985
3.8271 0.5524
3.8281 0.5062
3.8291 0.4605
3.8301 0.4160
3.8311 0.3731
3.8320 0.3323
3.8330 0.2938
3.8340 0.2579
3.8350 0.2249
3.8359 0.1948
3.8369 0.1676
3.8379 0.1435
3.8389 0.1224
3.8398 0.1041
3.8408 0.0887
3.8418 0.0760
3.8428 0.0660
3.8438 0.0585
3.8447 0.0535
3.8457 0.0511
3.8467 0.0511
3.8477 0.0536
3.8486 0.0588
3.8496 0.0667
3.8506 0.0774
3.8516 0.0913
3.8525 0.1084
3.8535 0.1289
3.8545 0.1531
3.8555 0.1811
3.8564 0.2131
3.8574 0.2491
3.8584 0.2892
3.8594 0.3333
3.8604 0.3812
3.8613 0.4327
3.8623 0.4874
3.8633 0.5447
3.8643 0.6040
3.8652 0.6645
3.8662 0.7253
3.8672 0.7855
3.8682 0.8441
3.8691 0.8999
3.8701 0.9519
3.8711 0.9991
3.8721 1.0405
3.8730 1.0751
3.8740 1.1022
3.8750 1.1212
3.8760 1.1316
3.8770 1.1332
3.8779 1.1260
3.8789 1.1101
3.8799 1.0859
3.8809 1.0540
3.8818 1.0150
3.8828 0.9699
3.8838 0.9195
3.8848 0.8650
3.8857 0.8073
3.8867 0.7476
3.8877 0.6868
3.8887 0.6261
3.8896 0.5663
3.8906 0.5081
3.8916 0.4524
3.8926 0.3995
3.8936 0.3501
3.8945 0.3044
3.8955 0.2625
3.8965 0.2246
3.8975 0.1907
3.8984 0.1606
3.8994 0.1342
3.9004 0.1112
3.9014 0.0914
3.9023 0.0746
3.9033 0.0603
3.9043 0.0484
3.9053 0.0386
3.9062 0.0304
3.9072 0.0239
3.9082 0.0185
3.9092 0.0143
3.9102 0.0109
3.9111 0.0083
3.9121 0.0062
3.9131 0.0046
3.9141 0.0034
3.9150 0.0025
3.9160 0.0018
3.9170 0.0013
3.9180 0.0010
3.9189 0.0007
3.9199 0.0005
3.9209 0.0003
3.9219 0.0002
3.9229 0.0002
3.9238 0.0001
3.9248 0.0001
3.9258 0.0000
3.9268 0.0000
3.9277 0.0000
3.9287 0.0000
3.9297 0.0000
3.9307 0.0000
3.9316 0.0000
3.9326 0.0000
3.9336 0.0000
3.9346 0.0000
3.9355 0.0000
3.9365 0.0000
3.9375 0.0000
3.9385 0.0000
3.9395 0.0000
3.9404 0.0000
3.9414 0.0000
3.9424 0.0000
3.9434 0.0000
3.9443 0.0000
3.9453 0.0000
3.9463 0.0000
3.9473 0.0000
3.9482 0.0000
3.9492 0.0000
3.9502 0.0000
3.9512 0.0000
3.9521 0.0000
3.9531 0.0000
3.9541 0.0000
3.9551 0.0000
3.9561 0.0000
3.9570 0.0000
3.9580 0.0000
3.9590 0.0000
3.9600 0.0000
3.9609 0.0000
3.9619 0.0000
3.9629 0.0000
3.9639 0.0000
3.9648 0.0000
3.9658 0.0000
3.9668 0.0000
3.9678 0.0000
3.9688 0.0000
3.9697 0.0000
3.9707 0.0000
3.9717 0.0000
3.9727 0.0000
3.9736 0.0000
3.9746 0.0000
3.9756 0.0000
3.9766 0.0000
3.9775 0.0000
3.9785 0.0000
3.9795 0.0000
3.9805 0.0000
3.9814 0.0000
3.9824 0.0000
3.9834 0.0000
3.9844 0.0000
3.9854 0.0000
3.9863 0.0000
3.9873 0.0000
3.9883 0.0000
3.9893 0.0000
3.9902 0.0000
3.9912 0.0000
3.9922 0.0000
3.9932 0.0000
3.9941 0.0000
3.9951 0.0000
3.9961 0.0000
3.9971 0.0000
3.9980 0.0000
3.9990 0.0000
4.0000 0.0000
4.0010 0.0000
4.0020 0.0000
4.0029 0.0000
4.0039 0.0000
4.0049 0.0000
4.0059 0.0000
4.0068 0.0000
4.0078 0.0000
4.0088 0.0000
4.0098 0.0000
4.0107 0.0000
4.0117 0.0000
4.0127 0.0000
4.0137 0.0000
4.0146 0.0000
4.0156 0.0000
4.0166 0.0000
4.0176 0.0000
4.0186 0.0000
4.0195 0.0000
4.0205 0.0000
4.0215 0.0000
4.0225 0.0000
4.0234 0.0000
4.0244 0.0000
4.0254 0.0000
4.0264 0.0000
4.0273 0.0000
4.0283 0.0000
4.0293 0.0000
4.0303 0.0000
4.0312 0.0000
4.0322 0.0000
4.0332 0.0000
4.0342 0.0000
4.0352 0.0000
4.0361 0.0000
4.0371 0.0000
4.0381 0.0000
4.0391 0.0000
4.0400 0.0000
4.0410 0.0000
4.0420 0.0000
4.0430 0.0000
4.0439 0.0000
4.0449 0.0000
4.0459 0.0000
4.0469 0.0000
4.0479 0.0000
4.0488 0.0000
4.0498 0.0000
4.0508 0.0000
4.0518 0.0000
4.0527 0.0000
4.0537 0.0000
4.0547 0.0000
4.0557 0.0000
4.0566 0.0000
4.0576 0.0000
4.0586 0.0000
4.0596 0.0000
4.0605 0.0000
4.0615 0.0000
4.0625 0.0000
4.0635 0.0000
4.0645 0.0000
4.0654 0.0000
4.0664 0.0000
4.0674 0.0000
4.0684 0.0000
4.0693 0.0000
4.0703 0.0000
4.0713 0.0000
4.0723 0.0000
4.0732 0.0000
4.0742 0.0000
4.0752 0.0000
4.0762 0.0000
4.0771 0.0000
4.0781 0.0000
4.0791 0.0000
4.0801 0.0000
4.0811 0.0000
4.0820 0.0000
4.0830 0.0000
4.0840 0.0000
4.0850 0.0000
4.0859 0.0000
4.0869 0.0000
4.0879 0.0000
4.0889 0.0000
4.0898 0.0000
4.0908 0.0000
4.0918 0.0000
4.0928 0.0000
4.0938 0.0000
4.0947 0.0000
4.0957 0.0000
4.0967 0.0000
4.0977 0.0000
4.0986 0.0000
4.0996 0.0000
4.1006 0.0000
4.1016 0.0000
4.1025 0.0000
4.1035 0.0000
4.1045 0.0000
4.1055 0.0000
4.1064 0.0000
4.1074 0.0000
4.1084 0.0000
4.1094 0.0000
4.1104 0.0000
4.1113 0.0000
4.1123 0.0000
4.1133 0.0000
4.1143 0.0000
4.1152 0.0000
4.1162 0.0000
4.1172 0.0000
4.1182 0.0000
4.1191 0.0000
4.1201 0.0000
4.1211 0.0000
4.1221 0.0000
4.1230 0.0000
4.1240 0.0000
4.1250 0.0000
4.1260 0.0000
4.1270 0.0000
4.1279 0.0000
4.1289 0.0000
4.1299 0.0000
4.1309 0.0000
4.1318 0.0000
4.1328 0.0000
4.1338 0.0000
4.1348 0.0000
4.1357 0.0000
4.1367 0.0000
4.1377 0.0000
4.1387 0.0000
4.1396 0.0000
4.1406 0.0000
4.1416 0.0000
4.1426 0.0000
4.1436 0.0000
4.1445 0.0000
4.1455 0.0000
4.1465 0.0000
4.1475 0.0000
4.1484 0.0000
4.1494 0.0000
4.1504 0.0000
4.1514 0.0000
4.1523 0.0000
4.1533 0.0000
4.1543 0.0000
4.1553 0.0000
4.1562 0.0000
4.1572 0.0000
4.1582 0.0000
4.1592 0.0000
4.1602 0.0000
4.1611 0.0000
4.1621 0.0000
4.1631 0.0000
4.1641 0.0000
4.1650 0.0000
4.1660 0.0000
4.1670 0.0000
4.1680 0.0000
4.1689 0.0000
4.1699 0.0000
4.1709 0.0000
4.1719 0.0000
4.1729 0.0000
4.1738 0.0000
4.1748 0.0000
4.1758 0.0000
4.1768 0.0000
4.1777 0.0000
4.1787 0.0000
4.1797 0.0000
4.1807 0.0000
4.1816 0.0000
4.1826 0.0000
4.1836 0.0000
4.1846 0.0000
4.1855 0.0000
4.1865 0.0000
4.1875 0.0000
4.1885 0.0000
4.1895 0.0000
4.1904 0.0000
4.1914 0.0000
4.1924 0.0000
4.1934 0.0000
4.1943 0.0000
4.1953 0.0000
4.1963 0.0000
4.1973 0.0000
4.1982 0.0000
4.1992 0.0000
4.2002 0.0000
4.2012 0.0000
4.2021 0.0000
4.2031 0.0000
4.2041 0.0000
4.2051 0.0000
4.2061 0.0000
4.2070 0.0000
4.2080 0.0000
4.2090 0.0000
4.2100 0.0000
4.2109 0.0000
4.2119 0.0000
4.2129 0.0000
4.2139 0.0000
4.2148 0.0000
4.2158 0.0000
4.2168 0.0000
4.2178 0.0000
4.2188 0.0000
4.2197 0.0000
4.2207 0.0000
4.2217 0.0000
4.2227 0.0000
4.2236 0.0000
4.2246 0.0000
4.2256 0.0000
4.2266 0.0000
4.2275 0.0000
4.2285 0.0000
4.2295 0.0000
4.2305 0.0000
4.2314 0.0000
4.2324 0.0000
4.2334 0.0000
4.2344 0.0000
4.2354 0.0000
4.2363 0.0000
4.2373 0.0000
4.2383 0.0000
4.2393 0.0000
4.2402 0.0000
4.2412 0.0000
4.2422 0.0000
4.2432 0.0000
4.2441 0.0000
4.2451 0.0000
4.2461 0.0000
4.2471 0.0000
4.2480 0.0000
4.2490 0.0000
4.2500 0.0000
4.2510 0.0000
4.2520 0.0000
4.2529 0.0000
4.2539 0.0000
4.2549 0.0000
4.2559 0.0000
4.2568 0.0000
4.2578 0.0000
4.2588 0.0000
4.2598 0.0000
4.2607 0.0000
4.2617 0.0000
4.2627 0.0000
4.2637 0.0000
4.2646 0.0000
4.2656 0.0000
4.2666 0.0000
4.2676 0.0000
4.2686 0.0000
4.2695 0.0000
4.2705 0.0000
4.2715 0.0000
4.2725 0.0000
4.2734 0.0000
4.2744 0.0000
4.2754 0.0000
4.2764 0.0000
4.2773 0.0000
4.2783 0.0000
4.2793 0.0000
4.2803 0.0000
4.2812 0.0000
4.2822 0.0000
4.2832 0.0000
4.2842 0.0000
4.2852 0.0000
4.2861 0.0000
4.2871 0.0000
4.2881 0.0000
4.2891 0.0000
4.2900 0.0000
4.2910 0.0000
4.2920 0.0000
4.2930 0.0000
4.2939 0.0000
4.2949 0.0000
4.2959 0.0000
4.2969 0.0000
4.2979 0.0000
4.2988 0.0000
4.2998 0.0000
4.3008 0.0000
4.3018 0.0000
4.3027 0.0000
4.3037 0.0000
4.3047 0.0000
4.3057 0.0000
4.3066 0.0000
4.3076 0.0000
4.3086 0.0000
4.3096 0.0000
4.3105 0.0000
4.3115 0.0000
4.3125 0.0000
4.3135 0.0000
4.3145 0.0000
4.3154 0.0000
4.3164 0.0000
4.3174 0.0000
4.3184 0.0000
4.3193 0.0000
4.3203 0.0000
4.3213 0.0000
4.3223 0.0000
4.3232 0.0000
4.3242 0.0000
4.3252 0.0000
4.3262 0.0000
4.3271 0.0000
4.3281 0.0000
4.3291 0.0000
4.3301 0.0000
4.3311 0.0000
4.3320 0.0000
4.3330 0.0000
4.3340 0.0000
4.3350 0.0000
4.3359 0.0000
4.3369 0.0000
4.3379 0.0000
4.3389 0.0000
4.3398 0.0000
4.3408 0.0000
4.3418 0.0000
4.3428 0.0000
4.3438 0.0000
4.3447 0.0000
4.3457 0.0000
4.3467 0.0000
4.3477 0.0000
4.3486 0.0000
4.3496 0.0000
4.3506 0.0000
4.3516 0.0000
4.3525 0.0000
4.3535 0.0000
4.3545 0.0000
4.3555 0.0000
4.3564 0.0000
4.3574 0.0000
4.3584 0.0000
4.3594 0.0000
4.3604 0.0000
4.3613 0.0000
4.3623 0.0000
4.3633 0.0000
4.3643 0.0000
4.3652 0.0000
4.3662 0.0000
4.3672 0.0000
4.3682 0.0000
4.3691 0.0000
4.3701 0.0000
4.3711 0.0000
4.3721 0.0000
4.3730 0.0000
4.3740 0.0000
4.3750 0.0000
4.3760 0.0000
4.3770 0.0000
4.3779 0.0000
4.3789 0.0000
4.3799 0.0000
4.3809 0.0000
4.3818 0.0000
4.3828 0.0000
4.3838 0.0000
4.3848 0.0000
4.3857 0.0000
4.3867 0.0000
4.3877 0.0000
4.3887 0.0000
4.3896 0.0000
4.3906 0.0000
4.3916 0.0000
4.3926 0.0000
4.3936 0.0000
4.3945 0.0000
4.3955 0.0000
4.3965 0.0000
4.3975 0.0000
4.3984 0.0000
4.3994 0.0000
4.4004 0.0000
4.4014 0.0000
4.4023 0.0000
4.4033 0.0000
4.4043 0.0000
4.4053 0.0000
4.4062 0.0000
4.4072 0.0000
4.4082 0.0000
4.4092 0.0000
4.4102 0.0000
4.4111 0.0000
4.4121 0.0000
4.4131 0.0000
4.4141 0.0000
4.4150 0.0000
4.4160 0.0000
4.4170 0.0000
4.4180 0.0000
4.4189 0.0000
4.4199 0.0000
4.4209 0.0000
4.4219 0.0000
4.4229 0.0000
4.4238 0.0000
4.4248 0.0000
4.4258 0.0000
4.4268 0.0000
4.4277 0.0000
4.4287 0.0000
4.4297 0.0000
4.4307 0.0000
4.4316 0.0000
4.4326 0.0000
4.4336 0.0000
4.4346 0.0000
4.4355 0.0000
4.4365 0.0000
4.4375 0.0000
4.4385 0.0000
4.4395 0.0000
4.4404 0.0000
4.4414 0.0000
4.4424 0.0000
4.4434 0.0000
4.4443 0.0000
4.4453 0.0000
4.4463 0.0000
4.4473 0.0000
4.4482 0.0000
4.4492 0.0000
4.4502 0.0000
4.4512 0.0000
4.4521 0.0000
4.4531 0.0000
4.4541 0.0000
4.4551 0.0000
4.4561 0.0000
4.4570 0.0000
4.4580 0.0000
4.4590 0.0000
4.4600 0.0000
4.4609 0.0000
4.4619 0.0000
4.4629 0.0000
4.4639 0.0000
4.4648 0.0000
4.4658 0.0000
4.4668 0.0000
4.4678 0.0000
4.4688 0.0000
4.4697 0.0000
4.4707 0.0000
4.4717 0.0000
4.4727 0.0000
4.4736 0.0000
4.4746 0.0000
4.4756 0.0000
4.4766 0.0000
4.4775 0.0000
4.4785 0.0000
4.4795 0.0000
4.4805 0.0000
4.4814 0.0000
4.4824 0.0000
4.4834 0.0000
4.4844 0.0000
4.4854 0.0000
4.4863 0.0000
4.4873 0.0000
4.4883 0.0000
4.4893 0.0000
4.4902 0.0000
4.4912 0.0000
4.4922 0.0000
4.4932 0.0000
4.4941 0.0000
4.4951 0.0000
4.4961 0.0000
4.4971 0.0000
4.4980 0.0000
4.4990 0.0000
4.5000 0.0000
4.5010 0.0000
4.5020 0.0000
4.5029 0.0000
4.5039 0.0000
4.5049 0.0000
4.5059 0.0000
4.5068 0.0000
4.5078 0.0000
4.5088 0.0000
4.5098 0.0000
4.5107 0.0000
4.5117 0.0000
4.5127 0.0000
4.5137 0.0000
4.5146 0.0000
4.5156 0.0000
4.5166 0.0000
4.5176 0.0000
4.5186 0.0000
4.5195 0.0000
4.5205 0.0000
4.5215 0.0000
4.5225 0.0000
4.5234 0.0000
4.5244 0.0000
4.5254 0.0000
4.5264 0.0000
4.5273 0.0000
4.5283 0.0000
4.5293 0.0000
4.5303 0.0000
4.5312 0.0000
4.5322 0.0000
4.5332 0.0000
4.5342 0.0000
4.5352 0.0000
4.5361 0.0000
4.5371 0.0000
4.5381 0.0000
4.5391 0.0000
4.5400 0.0000
4.5410 0.0000
4.5420 0.0000
4.5430 0.0000
4.5439 0.0000
4.5449 0.0000
4.5459 0.0000
4.5469 0.0000
4.5479 0.0000
4.5488 0.0000
4.5498 0.0000
4.5508 0.0000
4.5518 0.0000
4.5527 0.0000
4.5537 0.0000
4.5547 0.0000
4.5557 0.0000
4.5566 0.0000
4.5576 0.0000
4.5586 0.0000
4.5596 0.0000
4.5605 0.0000
4.5615 0.0000
4.5625 0.0000
4.5635 0.0000
4.5645 0.0000
4.5654 0.0000
4.5664 0.0000
4.5674 0.0000
4.5684 0.0000
4.5693 0.0000
4.5703 0.0000
4.5713 0.0000
4.5723 0.0000
4.5732 0.0000
4.5742 0.0000
4.5752 0.0000
4.5762 0.0000
4.5771 0.0000
4.5781 0.0000
4.5791 0.0000
4.5801 0.0000
4.5811 0.0000
4.5820 0.0000
4.5830 0.0000
4.5840 0.0000
4.5850 0.0000
4.5859 0.0000
4.5869 0.0000
4.5879 0.0000
4.5889 0.0000
4.5898 0.0000
4.5908 0.0000
4.5918 0.0000
4.5928 0.0000
4.5938 0.0000
4.5947 0.0000
4.5957 0.0000
4.5967 0.0000
4.5977 0.0000
4.5986 0.0000
4.5996 0.0000
4.6006 0.0000
4.6016 0.0000
4.6025 0.0000
4.6035 0.0000
4.6045 0.0000
4.6055 0.0000
4.6064 0.0000
4.6074 0.0000
4.6084 0.0000
4.6094 0.0000
4.6104 0.0000
4.6113 0.0000
4.6123 0.0000
4.6133 0.0000
4.6143 0.0000
4.6152 0.0000
4.6162 0.0000
4.6172 0.0000
4.6182 0.0000
4.6191 0.0000
4.6201 0.0000
4.6211 0.0000
4.6221 0.0000
4.6230 0.0000
4.6240 0.0000
4.6250 0.0000
4.6260 0.0000
4.6270 0.0000
4.6279 0.0000
4.6289 0.0000
4.6299 0.0000
4.6309 0.0000
4.6318 0.0000
4.6328 0.0000
4.6338 0.0000
4.6348 0.0000
4.6357 0.0000
4.6367 0.0000
4.6377 0.0000
4.6387 0.0000
4.6396 0.0000
4.6406 0.0000
4.6416 0.0000
4.6426 0.0000
4.6436 0.0000
4.6445 0.0000
4.6455 0.0000
4.6465 0.0000
4.6475 0.0000
4.6484 0.0000
4.6494 0.0000
4.6504 0.0000
4.6514 0.0000
4.6523 0.0000
4.6533 0.0000
4.6543 0.0000
4.6553 0.0000
4.6562 0.0000
4.6572 0.0000
4.6582 0.0000
4.6592 0.0000
4.6602 0.0000
4.6611 0.0000
4.6621 0.0000
4.6631 0.0000
4.6641 0.0000
4.6650 0.0000
4.6660 0.0000
4.6670 0.0000
4.6680 0.0000
4.6689 0.0000
4.6699 0.0000
4.6709 0.0000
4.6719 0.0000
4.6729 0.0000
4.6738 0.0000
4.6748 0.0000
4.6758 0.0000
4.6768 0.0000
4.6777 0.0000
4.6787 0.0000
4.6797 0.0000
4.6807 0.0000
4.6816 0.0000
4.6826 0.0000
4.6836 0.0000
4.6846 0.0000
4.6855 0.0000
4.6865 0.0000
4.6875 0.0000
4.6885 0.0000
4.6895 0.0001
4.6904 0.0001
4.6914 0.0001
4.6924 0.0002
4.6934 0.0003
4.6943 0.0004
4.6953 0.0006
4.6963 0.0009
4.6973 0.0012
4.6982 0.0018
4.6992 0.0025
4.7002 0.0035
4.7012 0.0049
4.7021 0.0068
4.7031 0.0093
4.7041 0.0127
4.7051 0.0171
4.7061 0.0228
4.7070 0.0302
4.7080 0.0397
4.7090 0.0516
4.7100 0.0667
4.7109 0.0854
4.7119 0.1084
4.7129 0.1365
4.7139 0.1704
4.7148 0.2109
4.7158 0.2588
4.7168 0.3149
4.7178 0.3800
4.7188 0.4547
4.7197 0.5395
4.7207 0.6348
4.7217 0.7405
4.7227 0.8565
4.7236 0.9824
4.7246 1.1173
4.7256 1.2601
4.7266 1.4090
4.7275 1.5623
4.7285 1.7177
4.7295 1.8727
4.7305 2.0244
4.7314 2.1699
4.7324 2.3064
4.7334 2.4307
4.7344 2.5402
4.7354 2.6322
4.7363 2.7045
4.7373 2.7555
4.7383 2.7837
4.7393 2.7885
4.7402 2.7698
4.7412 2.7281
4.7422 2.6643
4.7432 2.5801
4.7441 2.4775
4.7451 2.3589
4.7461 2.2271
4.7471 2.0850
4.7480 1.9354
4.7490 1.7815
4.7500 1.6260
4.7510 1.4715
4.7520 1.3206
4.7529 1.1752
4.7539 1.0370
4.7549 0.9074
4.7559 0.7875
4.7568 0.6778
4.7578 0.5788
4.7588 0.4904
4.7598 0.4125
4.7607 0.3448
4.7617 0.2867
4.7627 0.2379
4.7637 0.1976
4.7646 0.1653
4.7656 0.1406
4.7666 0.1230
4.7676 0.1122
4.7686 0.1081
4.7695 0.1108
4.7705 0.1204
4.7715 0.1373
4.7725 0.1622
4.7734 0.1958
4.7744 0.2391
4.7754 0.2930
4.7764 0.3587
4.7773 0.4375
4.7783 0.5307
4.7793 0.6394
4.7803 0.7646
4.7812 0.9073
4.7822 1.0681
4.7832 1.2471
4.7842 1.4443
4.7852 1.6590
4.7861 1.8899
4.7871 2.1351
4.7881 2.3923
4.7891 2.6582
4.7900 2.9293
4.7910 3.2014
4.7920 3.4698
4.7930 3.7296
4.7939 3.9758
4.7949 4.2031
4.7959 4.4067
4.7969 4.5819
4.7979 4.7248
4.7988 4.8318
4.7998 4.9004
4.8008 4.9288
4.8018 4.9165
4.8027 4.8636
4.8037 4.7715
4.8047 4.6425
4.8057 4.4796
4.8066 4.2867
4.8076 4.0682
4.8086 3.8289
4.8096 3.5739
4.8105 3.3083
4.8115 3.0371
4.8125 2.7651
4.8135 2.4966
4.8145 2.2356
4.8154 1.9854
4.8164 1.7486
4.8174 1.5273
4.8184 1.3231
4.8193 1.1368
4.8203 0.9689
4.8213 0.8191
4.8223 0.6871
4.8232 0.5721
4.8242 0.4730
4.8252 0.3888
4.8262 0.3182
4.8271 0.2599
4.8281 0.2127
4.8291 0.1756
4.8301 0.1475
4.8311 0.1276
4.8320 0.1153
4.8330 0.1099
4.8340 0.1112
4.8350 0.1190
4.8359 0.1333
4.8369 0.1542
4.8379 0.1819
4.8389 0.2167
4.8398 0.2590
4.8408 0.3092
4.8418 0.3676
4.8428 0.4344
4.8438 0.5099
4.8447 0.5940
4.8457 0.6866
4.8467 0.7871
4.8477 0.8949
4.8486 1.0091
4.8496 1.1283
4.8506 1.2510
4.8516 1.3754
4.8525 1.4994
4.8535 1.6208
4.8545 1.7373
4.8555 1.8466
4.8564 1.9461
4.8574 2.0337
4.8584 2.1074
4.8594 2.1654
4.8604 2.2061
4.8613 2.2287
4.8623 2.2326
4.8633 2.2176
4.8643 2.1842
4.8652 2.1331
4.8662 2.0657
4.8672 1.9836
4.8682 1.8886
4.8691 1.7831
4.8701 1.6693
4.8711 1.5495
4.8721 1.4263
4.8730 1.3018
4.8740 1.1781
4.8750 1.0572
4.8760 0.9407
4.8770 0.8300
4.8779 0.7262
4.8789 0.6299
4.8799 0.5419
4.8809 0.4622
4.8818 0.3909
4.8828 0.3278
4.8838 0.2726
4.8848 0.2248
4.8857 0.1838
4.8867 0.1490
4.8877 0.1198
4.8887 0.0955
4.8896 0.0755
4.8906 0.0591
4.8916 0.0460
4.8926 0.0354
4.8936 0.0271
4.8945 0.0205
4.8955 0.0154
4.8965 0.0115
4.8975 0.0085
4.8984 0.0062
4.8994 0.0045
4.9004 0.0032
4.9014 0.0023
4.9023 0.0016
4.9033 0.0012
4.9043 0.0008
4.9053 0.0006
4.9062 0.0004
4.9072 0.0003
4.9082 0.0002
4.9092 0.0001
4.9102 0.0001
4.9111 0.0001
4.9121 0.0000
4.9131 0.0000
4.9141 0.0000
4.9150 0.0000
4.9160 0.0000
4.9170 0.0000
4.9180 0.0000
4.9189 0.0000
4.9199 0.0000
4.9209 0.0000
4.9219 0.0000
4.9229 0.0000
4.9238 0.0000
4.9248 0.0000
4.9258 0.0000
4.9268 0.0000
4.9277 0.0000
4.9287 0.0000
4.9297 0.0000
4.9307 0.0000
4.9316 0.0000
4.9326 0.0000
4.9336 0.0000
4.9346 0.0000
4.9355 0.0000
4.9365 0.0000
4.9375 0.0000
4.9385 0.0000
4.9395 0.0000
4.9404 0.0000
4.9414 0.0000
4.9424 0.0000
4.9434 0.0000
4.9443 0.0000
4.9453 0.0000
4.9463 0.0000
4.9473 0.0000
4.9482 0.0000
4.9492 0.0000
4.9502 0.0000
4.9512 0.0000
4.9521 0.0000
4.9531 0.0000
4.9541 0.0000
4.9551 0.0000
4.9561 0.0000
4.9570 0.0000
4.9580 0.0000
4.9590 0.0000
4.9600 0.0000
4.9609 0.0000
4.9619 0.0000
4.9629 0.0000
4.9639 0.0000
4.9648 0.0000
4.9658 0.0000
4.9668 0.0000
4.9678 0.0000
4.9688 0.0000
4.9697 0.0000
4.9707 0.0000
4.9717 0.0000
4.9727 0.0000
4.9736 0.0000
4.9746 0.0000
4.9756 0.0000
4.9766 0.0000
4.9775 0.0000
4.9785 0.0000
4.9795 0.0000
4.9805 0.0000
4.9814 0.0000
4.9824 0.0000
4.9834 0.0000
4.9844 0.0000
4.9854 0.0000
4.9863 0.0000
4.9873 0.0000
4.9883 0.0000
4.9893 0.0000
4.9902 0.0000
4.9912 0.0000
4.9922 0.0000
4.9932 0.0000
4.9941 0.0000
4.9951 0.0000
4.9961 0.0000
4.9971 0.0000
4.9980 0.0000
4.9990 0.0000
