2	0
2.001953125	0
2.00390625	0
2.005859375	0
2.0078125	0
2.009765625	0
2.01171875	0
2.013671875	0
2.015625	0
2.017578125	0
2.01953125	0
2.021484375	0
2.0234375	0
2.025390625	0
2.02734375	0
2.029296875	0
2.03125	0
2.033203125	0
2.03515625	0
2.037109375	0
2.0390625	0
2.041015625	0
2.04296875	0
2.044921875	0
2.046875	0
2.048828125	0
2.05078125	0
2.052734375	0
2.0546875	0
2.056640625	0
2.05859375	0
2.060546875	0
2.0625	0
2.064453125	0
2.06640625	0
2.068359375	0
2.0703125	0
2.072265625	0
2.07421875	0
2.076171875	0
2.078125	0
2.080078125	0
2.08203125	0
2.083984375	0
2.0859375	0
2.087890625	0
2.08984375	0
2.091796875	0
2.09375	0
2.095703125	0
2.09765625	2.8746846392850397e-10
2.099609375	2.791885192952806e-9
2.1015625	2.5717848050638955e-8
2.103515625	2.2469914520573609e-7
2.10546875	0.0000018620782962632561
2.107421875	0.000014636059946769162
2.109375	0.00010911391655079934
2.111328125	0.0007715531227758408
2.11328125	0.005174653158452335
2.115234375	0.03291746492907825
2.1171875	0.19861005927652975
2.119140625	1.13659521701157
2.12109375	6.169360248752606
2.123046875	31.7617308459434
2.125	155.0950421204439
2.126953125	718.3256798997534
2.12890625	3155.546568444279
2.130859375	13147.934094368116
2.1328125	51960.1225621608
2.134765625	194765.72810135625
2.13671875	692443.9646626507
2.138671875	2334997.680405649
2.140625	7468235.360712203
2.142578125	22655792.71943927
2.14453125	65188389.62121119
2.146484375	177906151.96861386
2.1484375	460512479.1492257
2.150390625	1130632757.9648094
2.15234375	2632882322.306731
2.154296875	5815285706.524538
2.15625	12182611312.20133
2.158203125	24206914900.909794
2.16015625	45621359427.5454
2.162109375	81550518135.53496
2.1640625	138265857288.76624
2.166015625	222347832597.96802
2.16796875	339141216500.6083
2.169921875	490634372627.873
2.171875	673232527728.311
2.173828125	876197350106.0614
2.17578125	1081604546139.761
2.177734375	1266382202992.224
2.1796875	1406341605299.232
2.181640625	1481312218941.4927
2.18359375	1479899472259.295
2.185546875	1402322581889.711
2.1875	1260360288508.162
2.189453125	1074424771651.7667
2.19140625	868768569958.3386
2.193359375	666381025739.3232
2.1953125	485050317162.03955
2.197265625	335465251217.2619
2.19921875	221435647586.0131
2.201171875	141670806815.16513
2.203125	92271043880.25748
2.205078125	69148188924.39421
2.20703125	69842760339.96698
2.208984375	94469411728.8567
2.2109375	145696236660.00162
2.212890625	227756522551.9727
2.21484375	344587743750.8132
2.216796875	497374262513.4987
2.21875	682041379443.7106
2.220703125	887501176572.1316
2.22265625	1095502585834.0542
2.224609375	1282636186746.013
2.2265625	1424386202860.3743
2.228515625	1500316917644.8535
2.23046875	1498885059645.8962
2.232421875	1420311088763.9185
2.234375	1276522212143.7317
2.236328125	1088185678789.0963
2.23828125	879847413529.2998
2.240234375	674747744620.3862
2.2421875	490800781127.56744
2.244140625	338609214719.8569
2.24609375	221575645678.10046
2.248046875	137522892452.972
2.25	80957613288.18669
2.251953125	45203297608.42788
2.25390625	23939344989.654694
2.255859375	12024973621.978916
2.2578125	5729091057.9797735
2.259765625	2588910525.372402
2.26171875	1109629721.851902
2.263671875	451095863.17570454
2.265625	173935941.12036628
2.267578125	63612072.02474991
2.26953125	22065789.773697566
2.271484375	7259874.848691623
2.2734375	2265523.2082793703
2.275390625	670559.9645724803
2.27734375	188250.6347287376
2.279296875	50126.22526232514
2.28125	12659.696009178344
2.283203125	3032.5730893536993
2.28515625	689.015512709415
2.287109375	148.48290185777586
2.2890625	30.349645093055113
2.291015625	5.883835343931054
2.29296875	1.0819249304564653
2.294921875	0.18869633685446013
2.296875	0.03121472649958175
2.298828125	0.004897622668260065
2.30078125	0.0007288544912521049
2.302734375	0.00010287884261664258
2.3046875	0.000013773395836547586
2.306640625	0.0000017489834973713834
2.30859375	2.1064934741650578e-7
2.310546875	2.406380213829265e-8
2.3125	0
2.314453125	0
2.31640625	0
2.318359375	0
2.3203125	0
2.322265625	0
2.32421875	0
2.326171875	0
2.328125	0
2.330078125	0
2.33203125	0
2.333984375	0
2.3359375	0
2.337890625	0
2.33984375	0
2.341796875	0
2.34375	0
2.345703125	0
2.34765625	0
2.349609375	0
2.3515625	0
2.353515625	0
2.35546875	0
2.357421875	0
2.359375	0
2.361328125	0
2.36328125	0
2.365234375	0
2.3671875	0
2.369140625	0
2.37109375	0
2.373046875	0
2.375	0
2.376953125	0
2.37890625	0
2.380859375	0
2.3828125	0
2.384765625	0
2.38671875	0
2.388671875	0
2.390625	0
2.392578125	0
2.39453125	0
2.396484375	0
2.3984375	0
2.400390625	0
2.40234375	0
2.404296875	0
2.40625	0
2.408203125	0
2.41015625	0
2.412109375	0
2.4140625	0
2.416015625	0
2.41796875	0
2.419921875	0
2.421875	0
2.423828125	0
2.42578125	0
2.427734375	0
2.4296875	0
2.431640625	0
2.43359375	0
2.435546875	0
2.4375	0
2.439453125	0
2.44140625	0
2.443359375	0
2.4453125	0
2.447265625	0
2.44921875	0
2.451171875	0
2.453125	0
2.455078125	0
2.45703125	0
2.458984375	0
2.4609375	0
2.462890625	0
2.46484375	0
2.466796875	0
2.46875	0
2.470703125	0
2.47265625	0
2.474609375	0
2.4765625	0
2.478515625	0
2.48046875	0
2.482421875	0
2.484375	0
2.486328125	0
2.48828125	0
2.490234375	0
2.4921875	0
2.494140625	0
2.49609375	0
2.498046875	0
2.5	0
2.501953125	0
2.50390625	0
2.505859375	0
2.5078125	0
2.509765625	0
2.51171875	0
2.513671875	0
2.515625	0
2.517578125	0
2.51953125	0
2.521484375	0
2.5234375	0
2.525390625	0
2.52734375	0
2.529296875	0
2.53125	0
2.533203125	0
2.53515625	0
2.537109375	0
2.5390625	0
2.541015625	0
2.54296875	0
2.544921875	0
2.546875	0
2.548828125	0
2.55078125	0
2.552734375	0
2.5546875	0
2.556640625	0
2.55859375	0
2.560546875	0
2.5625	0
2.564453125	0
2.56640625	0
2.568359375	0
2.5703125	0
2.572265625	0
2.57421875	0
2.576171875	0
2.578125	0
2.580078125	0
2.58203125	0
2.583984375	0
2.5859375	0
2.587890625	0
2.58984375	0
2.591796875	0
2.59375	0
2.595703125	0
2.59765625	0
2.599609375	0
2.6015625	0
2.603515625	0
2.60546875	0
2.607421875	0
2.609375	0
2.611328125	0
2.61328125	0
2.615234375	0
2.6171875	0
2.619140625	0
2.62109375	0
2.623046875	0
2.625	0
2.626953125	0
2.62890625	0
2.630859375	0
2.6328125	0
2.634765625	0
2.63671875	0
2.638671875	0
2.640625	0
2.642578125	0
2.64453125	0
2.646484375	0
2.6484375	0
2.650390625	0
2.65234375	0
2.654296875	0
2.65625	0
2.658203125	0
2.66015625	0
2.662109375	0
2.6640625	0
2.666015625	0
2.66796875	0
2.669921875	0
2.671875	0
2.673828125	0
2.67578125	0
2.677734375	0
2.6796875	0
2.681640625	0
2.68359375	0
2.685546875	0
2.6875	0
2.689453125	0
2.69140625	0
2.693359375	0
2.6953125	0
2.697265625	0
2.69921875	0
2.701171875	0
2.703125	0
2.705078125	0
2.70703125	0
2.708984375	0
2.7109375	0
2.712890625	0
2.71484375	0
2.716796875	0
2.71875	0
2.720703125	0
2.72265625	0
2.724609375	0
2.7265625	0
2.728515625	0
2.73046875	0
2.732421875	0
2.734375	0
2.736328125	0
2.73828125	0
2.740234375	0
2.7421875	0
2.744140625	0
2.74609375	0
2.748046875	0
2.75	0
2.751953125	0
2.75390625	0
2.755859375	0
2.7578125	0
2.759765625	0
2.76171875	0
2.763671875	0
2.765625	0
2.767578125	0
2.76953125	0
2.771484375	0
2.7734375	0
2.775390625	0
2.77734375	0
2.779296875	0
2.78125	0
2.783203125	0
2.78515625	0
2.787109375	0
2.7890625	0
2.791015625	0
2.79296875	0
2.794921875	0
2.796875	0
2.798828125	0
2.80078125	0
2.802734375	0
2.8046875	0
2.806640625	0
2.80859375	0
2.810546875	0
2.8125	0
2.814453125	0
2.81640625	0
2.818359375	0
2.8203125	0
2.822265625	0
2.82421875	0
2.826171875	0
2.828125	0
2.830078125	0
2.83203125	0
2.833984375	0
2.8359375	0
2.837890625	0
2.83984375	0
2.841796875	0
2.84375	0
2.845703125	0
2.84765625	0
2.849609375	0
2.8515625	0
2.853515625	0
2.85546875	0
2.857421875	0
2.859375	0
2.861328125	0
2.86328125	0
2.865234375	0
2.8671875	0
2.869140625	0
2.87109375	0
2.873046875	0
2.875	0
2.876953125	0
2.87890625	0
2.880859375	0
2.8828125	0
2.884765625	0
2.88671875	0
2.888671875	0
2.890625	0
2.892578125	0
2.89453125	0
2.896484375	0
2.8984375	0
2.900390625	0
2.90234375	0
2.904296875	0
2.90625	0
2.908203125	0
2.91015625	0
2.912109375	0
2.9140625	0
2.916015625	0
2.91796875	0
2.919921875	0
2.921875	0
2.923828125	0
2.92578125	0
2.927734375	0
2.9296875	0
2.931640625	0
2.93359375	0
2.935546875	0
2.9375	0
2.939453125	0
2.94140625	0
2.943359375	0
2.9453125	0
2.947265625	0
2.94921875	0
2.951171875	0
2.953125	0
2.955078125	0
2.95703125	0
2.958984375	0
2.9609375	0
2.962890625	0
2.96484375	0
2.966796875	0
2.96875	0
2.970703125	0
2.97265625	0
2.974609375	0
2.9765625	0
2.978515625	0
2.98046875	0
2.982421875	0
2.984375	0
2.986328125	0
2.98828125	0
2.990234375	0
2.9921875	0
2.994140625	0
2.99609375	0
2.998046875	0
3	0
3.001953125	0
3.00390625	0
3.005859375	0
3.0078125	0
3.009765625	0
3.01171875	0
3.013671875	0
3.015625	0
3.017578125	0
3.01953125	0
3.021484375	0
3.0234375	0
3.025390625	0
3.02734375	0
3.029296875	0
3.03125	0
3.033203125	0
3.03515625	0
3.037109375	0
3.0390625	0
3.041015625	0
3.04296875	0
3.044921875	0
3.046875	0
3.048828125	0
3.05078125	0
3.052734375	0
3.0546875	0
3.056640625	0
3.05859375	0
3.060546875	0
3.0625	0
3.064453125	0
3.06640625	0
3.068359375	0
3.0703125	0
3.072265625	0
3.07421875	0
3.076171875	0
3.078125	0
3.080078125	0
3.08203125	0
3.083984375	0
3.0859375	0
3.087890625	0
3.08984375	0
3.091796875	0
3.09375	0
3.095703125	0
3.09765625	0
3.099609375	0
3.1015625	0
3.103515625	0
3.10546875	0
3.107421875	0
3.109375	0
3.111328125	0
3.11328125	0
3.115234375	0
3.1171875	0
3.119140625	0
3.12109375	0
3.123046875	0
3.125	0
3.126953125	0
3.12890625	0
3.130859375	0
3.1328125	0
3.134765625	0
3.13671875	0
3.138671875	0
3.140625	0
3.142578125	0
3.14453125	0
3.146484375	0
3.1484375	0
3.150390625	0
3.15234375	0
3.154296875	0
3.15625	0
3.158203125	0
3.16015625	0
3.162109375	0
3.1640625	0
3.166015625	0
3.16796875	0
3.169921875	0
3.171875	0
3.173828125	0
3.17578125	0
3.177734375	0
3.1796875	0
3.181640625	0
3.18359375	0
3.185546875	0
3.1875	0
3.189453125	0
3.19140625	0
3.193359375	0
3.1953125	0
3.197265625	0
3.19921875	0
3.201171875	0
3.203125	0
3.205078125	0
3.20703125	0
3.208984375	0
3.2109375	0
3.212890625	0
3.21484375	0
3.216796875	0
3.21875	0
3.220703125	0
3.22265625	0
3.224609375	0
3.2265625	0
3.228515625	0
3.23046875	0
3.232421875	0
3.234375	0
3.236328125	0
3.23828125	0
3.240234375	0
3.2421875	0
3.244140625	0
3.24609375	0
3.248046875	0
3.25	0
3.251953125	0
3.25390625	0
3.255859375	0
3.2578125	0
3.259765625	0
3.26171875	0
3.263671875	0
3.265625	0
3.267578125	0
3.26953125	0
3.271484375	0
3.2734375	0
3.275390625	0
3.27734375	0
3.279296875	0
3.28125	0
3.283203125	0
3.28515625	0
3.287109375	0
3.2890625	0
3.291015625	0
3.29296875	0
3.294921875	0
3.296875	0
3.298828125	0
3.30078125	0
3.302734375	0
3.3046875	0
3.306640625	0
3.30859375	0
3.310546875	0
3.3125	0
3.314453125	0
3.31640625	0
3.318359375	0
3.3203125	0
3.322265625	0
3.32421875	0
3.326171875	0
3.328125	0
3.330078125	0
3.33203125	0
3.333984375	0
3.3359375	0
3.337890625	0
3.33984375	0
3.341796875	0
3.34375	0
3.345703125	0
3.34765625	0
3.349609375	0
3.3515625	0
3.353515625	0
3.35546875	0
3.357421875	0
3.359375	0
3.361328125	0
3.36328125	0
3.365234375	0
3.3671875	0
3.369140625	0
3.37109375	0
3.373046875	0
3.375	0
3.376953125	0
3.37890625	0
3.380859375	0
3.3828125	0
3.384765625	0
3.38671875	0
3.388671875	0
3.390625	0
3.392578125	0
3.39453125	0
3.396484375	0
3.3984375	0
3.400390625	0
3.40234375	0
3.404296875	0
3.40625	0
3.408203125	0
3.41015625	0
3.412109375	0
3.4140625	0
3.416015625	0
3.41796875	0
3.419921875	0
3.421875	0
3.423828125	0
3.42578125	0
3.427734375	0
3.4296875	0
3.431640625	0
3.43359375	0
3.435546875	0
3.4375	0
3.439453125	0
3.44140625	0
3.443359375	0
3.4453125	0
3.447265625	0
3.44921875	0
3.451171875	0
3.453125	0
3.455078125	0
3.45703125	0
3.458984375	0
3.4609375	0
3.462890625	0
3.46484375	0
3.466796875	0
3.46875	0
3.470703125	0
3.47265625	0
3.474609375	0
3.4765625	0
3.478515625	0
3.48046875	0
3.482421875	0
3.484375	0
3.486328125	0
3.48828125	0
3.490234375	0
3.4921875	0
3.494140625	0
3.49609375	0
3.498046875	0
3.5	0
3.501953125	0
3.50390625	0
3.505859375	0
3.5078125	0
3.509765625	0
3.51171875	0
3.513671875	0
3.515625	0
3.517578125	0
3.51953125	0
3.521484375	0
3.5234375	0
3.525390625	0
3.52734375	0
3.529296875	0
3.53125	0
3.533203125	0
3.53515625	0
3.537109375	0
3.5390625	0
3.541015625	0
3.54296875	0
3.544921875	0
3.546875	0
3.548828125	0
3.55078125	0
3.552734375	0
3.5546875	0
3.556640625	0
3.55859375	0
3.560546875	0
3.5625	0
3.564453125	0
3.56640625	0
3.568359375	0
3.5703125	0
3.572265625	0
3.57421875	0
3.576171875	0
3.578125	0
3.580078125	0
3.58203125	0
3.583984375	0
3.5859375	0
3.587890625	0
3.58984375	0
3.591796875	0
3.59375	0
3.595703125	0
3.59765625	0
3.599609375	0
3.6015625	0
3.603515625	0
3.60546875	0
3.607421875	0
3.609375	0
3.611328125	0
3.61328125	0
3.615234375	0
3.6171875	0
3.619140625	0
3.62109375	0
3.623046875	0
3.625	0
3.626953125	0
3.62890625	0
3.630859375	0
3.6328125	0
3.634765625	0
3.63671875	0
3.638671875	0
3.640625	0
3.642578125	0
3.64453125	0
3.646484375	0
3.6484375	0
3.650390625	0
3.65234375	0
3.654296875	0
3.65625	0
3.658203125	0
3.66015625	0
3.662109375	0
3.6640625	0
3.666015625	0
3.66796875	0
3.669921875	0
3.671875	0
3.673828125	0
3.67578125	0
3.677734375	0
3.6796875	0
3.681640625	0
3.68359375	0
3.685546875	0
3.6875	0
3.689453125	0
3.69140625	0
3.693359375	0
3.6953125	0
3.697265625	0
3.69921875	0
3.701171875	0
3.703125	0
3.705078125	0
3.70703125	0
3.708984375	0
3.7109375	0
3.712890625	0
3.71484375	0
3.716796875	0
3.71875	0
3.720703125	0
3.72265625	0
3.724609375	0
3.7265625	0
3.728515625	0
3.73046875	0
3.732421875	0
3.734375	0
3.736328125	0
3.73828125	0
3.740234375	0
3.7421875	0
3.744140625	0
3.74609375	0
3.748046875	0
3.75	0
3.751953125	0
3.75390625	0
3.755859375	0
3.7578125	0
3.759765625	0
3.76171875	0
3.763671875	0
3.765625	0
3.767578125	0
3.76953125	0
3.771484375	0
3.7734375	0
3.775390625	0
3.77734375	0
3.779296875	0
3.78125	0
3.783203125	0
3.78515625	0
3.787109375	0
3.7890625	0
3.791015625	0
3.79296875	0
3.794921875	0
3.796875	0
3.798828125	0
3.80078125	0
3.802734375	0
3.8046875	0
3.806640625	0
3.80859375	0
3.810546875	0
3.8125	0
3.814453125	0
3.81640625	0
3.818359375	0
3.8203125	0
3.822265625	0
3.82421875	0
3.826171875	0
3.828125	0
3.830078125	0
3.83203125	0
3.833984375	0
3.8359375	0
3.837890625	0
3.83984375	0
3.841796875	0
3.84375	0
3.845703125	0
3.84765625	0
3.849609375	0
3.8515625	0
3.853515625	0
3.85546875	0
3.857421875	0
3.859375	0
3.861328125	0
3.86328125	0
3.865234375	0
3.8671875	0
3.869140625	0
3.87109375	0
3.873046875	0
3.875	0
3.876953125	0
3.87890625	0
3.880859375	0
3.8828125	0
3.884765625	0
3.88671875	0
3.888671875	0
3.890625	0
3.892578125	0
3.89453125	0
3.896484375	0
3.8984375	0
3.900390625	0
3.90234375	0
3.904296875	0
3.90625	0
3.908203125	0
3.91015625	0
3.912109375	0
3.9140625	0
3.916015625	0
3.91796875	0
3.919921875	0
3.921875	0
3.923828125	0
3.92578125	0
3.927734375	0
3.9296875	0
3.931640625	0
3.93359375	0
3.935546875	0
3.9375	0
3.939453125	0
3.94140625	0
3.943359375	0
3.9453125	0
3.947265625	0
3.94921875	0
3.951171875	0
3.953125	0
3.955078125	0
3.95703125	0
3.958984375	0
3.9609375	0
3.962890625	0
3.96484375	0
3.966796875	0
3.96875	0
3.970703125	0
3.97265625	0
3.974609375	0
3.9765625	0
3.978515625	0
3.98046875	0
3.982421875	0
3.984375	0
3.986328125	0
3.98828125	0
3.990234375	0
3.9921875	0
3.994140625	0
3.99609375	0
3.998046875	0
4	0
4.001953125	0
4.00390625	0
4.005859375	0
4.0078125	0
4.009765625	0
4.01171875	0
4.013671875	0
4.015625	0
4.017578125	0
4.01953125	0
4.021484375	0
4.0234375	0
4.025390625	0
4.02734375	0
4.029296875	0
4.03125	0
4.033203125	0
4.03515625	0
4.037109375	0
4.0390625	0
4.041015625	0
4.04296875	0
4.044921875	0
4.046875	0
4.048828125	0
4.05078125	0
4.052734375	0
4.0546875	0
4.056640625	0
4.05859375	0
4.060546875	0
4.0625	0
4.064453125	0
4.06640625	0
4.068359375	0
4.0703125	0
4.072265625	0
4.07421875	0
4.076171875	0
4.078125	0
4.080078125	0
4.08203125	0
4.083984375	0
4.0859375	0
4.087890625	0
4.08984375	0
4.091796875	0
4.09375	0
4.095703125	0
4.09765625	0
4.099609375	0
4.1015625	0
4.103515625	0
4.10546875	0
4.107421875	0
4.109375	0
4.111328125	0
4.11328125	0
4.115234375	0
4.1171875	0
4.119140625	0
4.12109375	0
4.123046875	0
4.125	0
4.126953125	0
4.12890625	0
4.130859375	0
4.1328125	0
4.134765625	0
4.13671875	0
4.138671875	0
4.140625	0
4.142578125	0
4.14453125	0
4.146484375	0
4.1484375	0
4.150390625	0
4.15234375	0
4.154296875	0
4.15625	0
4.158203125	0
4.16015625	0
4.162109375	0
4.1640625	0
4.166015625	0
4.16796875	0
4.169921875	0
4.171875	0
4.173828125	0
4.17578125	0
4.177734375	0
4.1796875	0
4.181640625	0
4.18359375	0
4.185546875	0
4.1875	0
4.189453125	0
4.19140625	0
4.193359375	0
4.1953125	0
4.197265625	0
4.19921875	0
4.201171875	0
4.203125	0
4.205078125	0
4.20703125	0
4.208984375	0
4.2109375	0
4.212890625	0
4.21484375	0
4.216796875	0
4.21875	0
4.220703125	0
4.22265625	0
4.224609375	0
4.2265625	0
4.228515625	0
4.23046875	0
4.232421875	0
4.234375	0
4.236328125	0
4.23828125	0
4.240234375	0
4.2421875	0
4.244140625	0
4.24609375	0
4.248046875	0
4.25	0
4.251953125	0
4.25390625	0
4.255859375	0
4.2578125	0
4.259765625	0
4.26171875	0
4.263671875	0
4.265625	0
4.267578125	0
4.26953125	0
4.271484375	0
4.2734375	0
4.275390625	0
4.27734375	0
4.279296875	0
4.28125	0
4.283203125	0
4.28515625	0
4.287109375	0
4.2890625	0
4.291015625	0
4.29296875	0
4.294921875	0
4.296875	0
4.298828125	0
4.30078125	0
4.302734375	0
4.3046875	0
4.306640625	0
4.30859375	0
4.310546875	0
4.3125	0
4.314453125	0
4.31640625	0
4.318359375	0
4.3203125	0
4.322265625	0
4.32421875	0
4.326171875	0
4.328125	0
4.330078125	0
4.33203125	0
4.333984375	0
4.3359375	0
4.337890625	0
4.33984375	0
4.341796875	0
4.34375	0
4.345703125	0
4.34765625	0
4.349609375	0
4.3515625	0
4.353515625	0
4.35546875	0
4.357421875	0
4.359375	0
4.361328125	0
4.36328125	0
4.365234375	0
4.3671875	0
4.369140625	0
4.37109375	0
4.373046875	0
4.375	0
4.376953125	0
4.37890625	0
4.380859375	0
4.3828125	0
4.384765625	0
4.38671875	0
4.388671875	0
4.390625	0
4.392578125	0
4.39453125	0
4.396484375	0
4.3984375	0
4.400390625	0
4.40234375	0
4.404296875	0
4.40625	0
4.408203125	0
4.41015625	0
4.412109375	0
4.4140625	0
4.416015625	0
4.41796875	0
4.419921875	0
4.421875	0
4.423828125	0
4.42578125	0
4.427734375	0
4.4296875	0
4.431640625	0
4.43359375	0
4.435546875	0
4.4375	0
4.439453125	0
4.44140625	0
4.443359375	0
4.4453125	0
4.447265625	0
4.44921875	0
4.451171875	0
4.453125	0
4.455078125	0
4.45703125	0
4.458984375	0
4.4609375	0
4.462890625	0
4.46484375	0
4.466796875	0
4.46875	0
4.470703125	0
4.47265625	0
4.474609375	0
4.4765625	0
4.478515625	0
4.48046875	0
4.482421875	0
4.484375	0
4.486328125	0
4.48828125	0
4.490234375	0
4.4921875	0
4.494140625	0
4.49609375	0
4.498046875	0
4.5	0
4.501953125	0
4.50390625	0
4.505859375	0
4.5078125	0
4.509765625	0
4.51171875	0
4.513671875	0
4.515625	0
4.517578125	0
4.51953125	0
4.521484375	0
4.5234375	0
4.525390625	0
4.52734375	0
4.529296875	0
4.53125	0
4.533203125	0
4.53515625	0
4.537109375	0
4.5390625	0
4.541015625	0
4.54296875	0
4.544921875	0
4.546875	0
4.548828125	0
4.55078125	0
4.552734375	0
4.5546875	0
4.556640625	0
4.55859375	0
4.560546875	0
4.5625	0
4.564453125	0
4.56640625	0
4.568359375	0
4.5703125	0
4.572265625	0
4.57421875	0
4.576171875	0
4.578125	0
4.580078125	0
4.58203125	0
4.583984375	0
4.5859375	0
4.587890625	0
4.58984375	0
4.591796875	0
4.59375	0
4.595703125	0
4.59765625	0
4.599609375	0
4.6015625	0
4.603515625	0
4.60546875	0
4.607421875	0
4.609375	0
4.611328125	0
4.61328125	0
4.615234375	0
4.6171875	0
4.619140625	0
4.62109375	0
4.623046875	0
4.625	0
4.626953125	0
4.62890625	0
4.630859375	0
4.6328125	0
4.634765625	0
4.63671875	0
4.638671875	0
4.640625	0
4.642578125	0
4.64453125	0
4.646484375	0
4.6484375	0
4.650390625	0
4.65234375	0
4.654296875	0
4.65625	0
4.658203125	0
4.66015625	0
4.662109375	0
4.6640625	0
4.666015625	0
4.66796875	0
4.669921875	0
4.671875	0
4.673828125	0
4.67578125	0
4.677734375	0
4.6796875	0
4.681640625	0
4.68359375	0
4.685546875	0
4.6875	0
4.689453125	0
4.69140625	0
4.693359375	0
4.6953125	0
4.697265625	0
4.69921875	0
4.701171875	0
4.703125	0
4.705078125	0
4.70703125	0
4.708984375	0
4.7109375	0
4.712890625	0
4.71484375	0
4.716796875	0
4.71875	0
4.720703125	0
4.72265625	0
4.724609375	0
4.7265625	0
4.728515625	0
4.73046875	0
4.732421875	0
4.734375	0
4.736328125	0
4.73828125	0
4.740234375	0
4.7421875	0
4.744140625	0
4.74609375	0
4.748046875	0
4.75	0
4.751953125	0
4.75390625	0
4.755859375	0
4.7578125	0
4.759765625	0
4.76171875	0
4.763671875	0
4.765625	0
4.767578125	0
4.76953125	0
4.771484375	0
4.7734375	0
4.775390625	0
4.77734375	0
4.779296875	0
4.78125	0
4.783203125	0
4.78515625	0
4.787109375	0
4.7890625	0
4.791015625	0
4.79296875	0
4.794921875	0
4.796875	0
4.798828125	0
4.80078125	0
4.802734375	0
4.8046875	0
4.806640625	0
4.80859375	0
4.810546875	0
4.8125	0
4.814453125	0
4.81640625	0
4.818359375	0
4.8203125	0
4.822265625	0
4.82421875	0
4.826171875	0
4.828125	0
4.830078125	0
4.83203125	0
4.833984375	0
4.8359375	0
4.837890625	0
4.83984375	0
4.841796875	0
4.84375	0
4.845703125	0
4.84765625	0
4.849609375	0
4.8515625	0
4.853515625	0
4.85546875	0
4.857421875	0
4.859375	0
4.861328125	0
4.86328125	0
4.865234375	0
4.8671875	0
4.869140625	0
4.87109375	0
4.873046875	0
4.875	0
4.876953125	0
4.87890625	0
4.880859375	0
4.8828125	0
4.884765625	0
4.88671875	0
4.888671875	0
4.890625	0
4.892578125	0
4.89453125	0
4.896484375	0
4.8984375	0
4.900390625	0
4.90234375	0
4.904296875	0
4.90625	0
4.908203125	0
4.91015625	0
4.912109375	0
4.9140625	0
4.916015625	0
4.91796875	0
4.919921875	0
4.921875	0
4.923828125	0
4.92578125	0
4.927734375	0
4.9296875	0
4.931640625	0
4.93359375	0
4.935546875	0
4.9375	0
4.939453125	0
4.94140625	0
4.943359375	0
4.9453125	0
4.947265625	0
4.94921875	0
4.951171875	0
4.953125	0
4.955078125	0
4.95703125	0
4.958984375	0
4.9609375	0
4.962890625	0
4.96484375	0
4.966796875	0
4.96875	0
4.970703125	0
4.97265625	0
4.974609375	0
4.9765625	0
4.978515625	0
4.98046875	0
4.982421875	0
4.984375	0
4.986328125	0
4.98828125	0
4.990234375	0
4.9921875	0
4.994140625	0
4.99609375	0
4.998046875	0
5	0
5.001953125	0
5.00390625	0
5.005859375	0
5.0078125	0
5.009765625	0
5.01171875	0
5.013671875	0
5.015625	0
5.017578125	0
5.01953125	0
5.021484375	0
5.0234375	0
5.025390625	0
5.02734375	0
5.029296875	0
5.03125	0
5.033203125	0
5.03515625	0
5.037109375	0
5.0390625	0
5.041015625	0
5.04296875	0
5.044921875	0
5.046875	0
5.048828125	0
5.05078125	0
5.052734375	0
5.0546875	0
5.056640625	0
5.05859375	0
5.060546875	0
5.0625	0
5.064453125	0
5.06640625	0
5.068359375	0
5.0703125	0
5.072265625	0
5.07421875	0
5.076171875	0
5.078125	0
5.080078125	0
5.08203125	0
5.083984375	0
5.0859375	0
5.087890625	0
5.08984375	0
5.091796875	0
5.09375	0
5.095703125	0
5.09765625	0
5.099609375	0
5.1015625	0
5.103515625	0
5.10546875	0
5.107421875	0
5.109375	0
5.111328125	0
5.11328125	0
5.115234375	0
5.1171875	0
5.119140625	0
5.12109375	0
5.123046875	0
5.125	0
5.126953125	0
5.12890625	0
5.130859375	0
5.1328125	0
5.134765625	0
5.13671875	0
5.138671875	0
5.140625	0
5.142578125	0
5.14453125	0
5.146484375	0
5.1484375	0
5.150390625	0
5.15234375	0
5.154296875	0
5.15625	0
5.158203125	0
5.16015625	0
5.162109375	0
5.1640625	0
5.166015625	0
5.16796875	0
5.169921875	0
5.171875	0
5.173828125	0
5.17578125	0
5.177734375	0
5.1796875	0
5.181640625	0
5.18359375	0
5.185546875	0
5.1875	0
5.189453125	0
5.19140625	0
5.193359375	0
5.1953125	0
5.197265625	0
5.19921875	0
5.201171875	0
5.203125	0
5.205078125	0
5.20703125	0
5.208984375	0
5.2109375	0
5.212890625	0
5.21484375	0
5.216796875	0
5.21875	0
5.220703125	0
5.22265625	0
5.224609375	0
5.2265625	0
5.228515625	0
5.23046875	0
5.232421875	0
5.234375	0
5.236328125	0
5.23828125	0
5.240234375	0
5.2421875	0
5.244140625	0
5.24609375	0
5.248046875	0
5.25	0
5.251953125	0
5.25390625	0
5.255859375	0
5.2578125	0
5.259765625	0
5.26171875	0
5.263671875	0
5.265625	0
5.267578125	0
5.26953125	0
5.271484375	0
5.2734375	0
5.275390625	0
5.27734375	0
5.279296875	0
5.28125	0
5.283203125	0
5.28515625	0
5.287109375	0
5.2890625	0
5.291015625	0
5.29296875	0
5.294921875	0
5.296875	0
5.298828125	0
5.30078125	0
5.302734375	0
5.3046875	0
5.306640625	0
5.30859375	0
5.310546875	0
5.3125	0
5.314453125	0
5.31640625	0
5.318359375	0
5.3203125	0
5.322265625	0
5.32421875	0
5.326171875	0
5.328125	0
5.330078125	0
5.33203125	0
5.333984375	0
5.3359375	0
5.337890625	0
5.33984375	0
5.341796875	0
5.34375	0
5.345703125	0
5.34765625	0
5.349609375	0
5.3515625	0
5.353515625	0
5.35546875	0
5.357421875	0
5.359375	0
5.361328125	0
5.36328125	0
5.365234375	0
5.3671875	0
5.369140625	0
5.37109375	0
5.373046875	0
5.375	0
5.376953125	0
5.37890625	0
5.380859375	0
5.3828125	0
5.384765625	0
5.38671875	0
5.388671875	0
5.390625	0
5.392578125	0
5.39453125	0
5.396484375	0
5.3984375	0
5.400390625	0
5.40234375	0
5.404296875	0
5.40625	0
5.408203125	0
5.41015625	0
5.412109375	0
5.4140625	0
5.416015625	0
5.41796875	0
5.419921875	0
5.421875	0
5.423828125	0
5.42578125	0
5.427734375	0
5.4296875	0
5.431640625	0
5.43359375	0
5.435546875	0
5.4375	0
5.439453125	0
5.44140625	0
5.443359375	0
5.4453125	0
5.447265625	0
5.44921875	0
5.451171875	0
5.453125	0
5.455078125	0
5.45703125	0
5.458984375	0
5.4609375	0
5.462890625	0
5.46484375	0
5.466796875	0
5.46875	0
5.470703125	0
5.47265625	0
5.474609375	0
5.4765625	0
5.478515625	0
5.48046875	0
5.482421875	0
5.484375	0
5.486328125	0
5.48828125	0
5.490234375	0
5.4921875	0
5.494140625	0
5.49609375	0
5.498046875	0
5.5	0
5.501953125	0
5.50390625	0
5.505859375	0
5.5078125	0
5.509765625	0
5.51171875	0
5.513671875	0
5.515625	0
5.517578125	0
5.51953125	0
5.521484375	0
5.5234375	0
5.525390625	0
5.52734375	0
5.529296875	0
5.53125	0
5.533203125	0
5.53515625	0
5.537109375	0
5.5390625	0
5.541015625	0
5.54296875	0
5.544921875	0
5.546875	0
5.548828125	0
5.55078125	0
5.552734375	0
5.5546875	0
5.556640625	0
5.55859375	0
5.560546875	0
5.5625	0
5.564453125	0
5.56640625	0
5.568359375	0
5.5703125	0
5.572265625	0
5.57421875	0
5.576171875	0
5.578125	0
5.580078125	0
5.58203125	0
5.583984375	0
5.5859375	0
5.587890625	0
5.58984375	0
5.591796875	0
5.59375	0
5.595703125	0
5.59765625	0
5.599609375	0
5.6015625	0
5.603515625	0
5.60546875	0
5.607421875	0
5.609375	0
5.611328125	0
5.61328125	0
5.615234375	0
5.6171875	0
5.619140625	0
5.62109375	0
5.623046875	0
5.625	0
5.626953125	0
5.62890625	0
5.630859375	0
5.6328125	0
5.634765625	0
5.63671875	0
5.638671875	0
5.640625	0
5.642578125	0
5.64453125	0
5.646484375	0
5.6484375	0
5.650390625	0
5.65234375	0
5.654296875	0
5.65625	0
5.658203125	0
5.66015625	0
5.662109375	0
5.6640625	0
5.666015625	0
5.66796875	0
5.669921875	0
5.671875	0
5.673828125	0
5.67578125	0
5.677734375	0
5.6796875	0
5.681640625	0
5.68359375	0
5.685546875	0
5.6875	0
5.689453125	0
5.69140625	0
5.693359375	0
5.6953125	0
5.697265625	0
5.69921875	0
5.701171875	0
5.703125	0
5.705078125	0
5.70703125	0
5.708984375	0
5.7109375	0
5.712890625	0
5.71484375	0
5.716796875	0
5.71875	0
5.720703125	0
5.72265625	0
5.724609375	0
5.7265625	0
5.728515625	0
5.73046875	0
5.732421875	0
5.734375	0
5.736328125	0
5.73828125	0
5.740234375	0
5.7421875	0
5.744140625	0
5.74609375	0
5.748046875	0
5.75	0
5.751953125	0
5.75390625	0
5.755859375	0
5.7578125	0
5.759765625	0
5.76171875	0
5.763671875	0
5.765625	0
5.767578125	0
5.76953125	0
5.771484375	0
5.7734375	0
5.775390625	0
5.77734375	0
5.779296875	0
5.78125	0
5.783203125	0
5.78515625	0
5.787109375	0
5.7890625	0
5.791015625	0
5.79296875	0
5.794921875	0
5.796875	0
5.798828125	0
5.80078125	0
5.802734375	0
5.8046875	0
5.806640625	0
5.80859375	0
5.810546875	0
5.8125	0
5.814453125	0
5.81640625	0
5.818359375	0
5.8203125	0
5.822265625	0
5.82421875	0
5.826171875	0
5.828125	0
5.830078125	0
5.83203125	0
5.833984375	0
5.8359375	0
5.837890625	0
5.83984375	0
5.841796875	0
5.84375	0
5.845703125	0
5.84765625	0
5.849609375	0
5.8515625	0
5.853515625	0
5.85546875	0
5.857421875	0
5.859375	0
5.861328125	0
5.86328125	0
5.865234375	0
5.8671875	0
5.869140625	0
5.87109375	0
5.873046875	0
5.875	0
5.876953125	0
5.87890625	0
5.880859375	0
5.8828125	0
5.884765625	0
5.88671875	0
5.888671875	0
5.890625	0
5.892578125	0
5.89453125	0
5.896484375	0
5.8984375	0
5.900390625	0
5.90234375	0
5.904296875	0
5.90625	0
5.908203125	0
5.91015625	0
5.912109375	0
5.9140625	0
5.916015625	0
5.91796875	0
5.919921875	0
5.921875	0
5.923828125	0
5.92578125	0
5.927734375	0
5.9296875	0
5.931640625	0
5.93359375	0
5.935546875	0
5.9375	0
5.939453125	0
5.94140625	0
5.943359375	0
5.9453125	0
5.947265625	0
5.94921875	0
5.951171875	0
5.953125	0
5.955078125	0
5.95703125	0
5.958984375	0
5.9609375	0
5.962890625	0
5.96484375	0
5.966796875	0
5.96875	0
5.970703125	0
5.97265625	0
5.974609375	0
5.9765625	0
5.978515625	0
5.98046875	0
5.982421875	0
5.984375	0
5.986328125	0
5.98828125	0
5.990234375	0
5.9921875	0
5.994140625	0
5.99609375	0
5.998046875	0
6	0
6.001953125	0
6.00390625	0
6.005859375	0
6.0078125	0
6.009765625	0
6.01171875	0
6.013671875	0
6.015625	0
6.017578125	0
6.01953125	0
6.021484375	0
6.0234375	0
6.025390625	0
6.02734375	0
6.029296875	0
6.03125	0
6.033203125	0
6.03515625	0
6.037109375	0
6.0390625	0
6.041015625	0
6.04296875	0
6.044921875	0
6.046875	0
6.048828125	0
6.05078125	0
6.052734375	0
6.0546875	0
6.056640625	0
6.05859375	0
6.060546875	0
6.0625	0
6.064453125	0
6.06640625	0
6.068359375	0
6.0703125	0
6.072265625	0
6.07421875	0
6.076171875	0
6.078125	0
6.080078125	0
6.08203125	0
6.083984375	0
6.0859375	0
6.087890625	0
6.08984375	0
6.091796875	0
6.09375	0
6.095703125	0
6.09765625	0
6.099609375	0
6.1015625	0
6.103515625	0
6.10546875	0
6.107421875	0
6.109375	0
6.111328125	0
6.11328125	0
6.115234375	0
6.1171875	0
6.119140625	0
6.12109375	0
6.123046875	0
6.125	0
6.126953125	0
6.12890625	0
6.130859375	0
6.1328125	0
6.134765625	0
6.13671875	0
6.138671875	0
6.140625	0
6.142578125	0
6.14453125	0
6.146484375	0
6.1484375	0
6.150390625	0
6.15234375	0
6.154296875	0
6.15625	0
6.158203125	0
6.16015625	0
6.162109375	0
6.1640625	0
6.166015625	0
6.16796875	0
6.169921875	0
6.171875	0
6.173828125	0
6.17578125	0
6.177734375	0
6.1796875	0
6.181640625	0
6.18359375	0
6.185546875	0
6.1875	0
6.189453125	0
6.19140625	0
6.193359375	0
6.1953125	0
6.197265625	0
6.19921875	0
6.201171875	0
6.203125	0
6.205078125	0
6.20703125	0
6.208984375	0
6.2109375	0
6.212890625	0
6.21484375	0
6.216796875	0
6.21875	0
6.220703125	0
6.22265625	0
6.224609375	0
6.2265625	0
6.228515625	0
6.23046875	0
6.232421875	0
6.234375	0
6.236328125	0
6.23828125	0
6.240234375	0
6.2421875	0
6.244140625	0
6.24609375	0
6.248046875	0
6.25	0
6.251953125	0
6.25390625	0
6.255859375	0
6.2578125	0
6.259765625	0
6.26171875	0
6.263671875	0
6.265625	0
6.267578125	0
6.26953125	0
6.271484375	0
6.2734375	0
6.275390625	0
6.27734375	0
6.279296875	0
6.28125	0
6.283203125	0
6.28515625	0
6.287109375	0
6.2890625	0
6.291015625	0
6.29296875	0
6.294921875	0
6.296875	0
6.298828125	0
6.30078125	0
6.302734375	0
6.3046875	0
6.306640625	0
6.30859375	0
6.310546875	0
6.3125	0
6.314453125	0
6.31640625	0
6.318359375	0
6.3203125	0
6.322265625	0
6.32421875	0
6.326171875	0
6.328125	0
6.330078125	0
6.33203125	0
6.333984375	0
6.3359375	0
6.337890625	0
6.33984375	0
6.341796875	0
6.34375	0
6.345703125	0
6.34765625	0
6.349609375	0
6.3515625	0
6.353515625	0
6.35546875	0
6.357421875	0
6.359375	0
6.361328125	0
6.36328125	0
6.365234375	0
6.3671875	0
6.369140625	0
6.37109375	0
6.373046875	0
6.375	0
6.376953125	0
6.37890625	0
6.380859375	0
6.3828125	0
6.384765625	0
6.38671875	0
6.388671875	0
6.390625	0
6.392578125	0
6.39453125	0
6.396484375	0
6.3984375	0
6.400390625	0
6.40234375	0
6.404296875	0
6.40625	0
6.408203125	0
6.41015625	0
6.412109375	0
6.4140625	0
6.416015625	0
6.41796875	0
6.419921875	0
6.421875	0
6.423828125	0
6.42578125	0
6.427734375	0
6.4296875	0
6.431640625	0
6.43359375	0
6.435546875	0
6.4375	0
6.439453125	0
6.44140625	0
6.443359375	0
6.4453125	0
6.447265625	0
6.44921875	0
6.451171875	0
6.453125	0
6.455078125	0
6.45703125	0
6.458984375	0
6.4609375	0
6.462890625	0
6.46484375	0
6.466796875	0
6.46875	0
6.470703125	0
6.47265625	0
6.474609375	0
6.4765625	0
6.478515625	0
6.48046875	0
6.482421875	0
6.484375	0
6.486328125	0
6.48828125	0
6.490234375	0
6.4921875	0
6.494140625	0
6.49609375	0
6.498046875	0
6.5	0
6.501953125	0
6.50390625	0
6.505859375	0
6.5078125	0
6.509765625	0
6.51171875	0
6.513671875	0
6.515625	0
6.517578125	0
6.51953125	0
6.521484375	0
6.5234375	0
6.525390625	0
6.52734375	0
6.529296875	0
6.53125	0
6.533203125	0
6.53515625	0
6.537109375	0
6.5390625	0
6.541015625	0
6.54296875	0
6.544921875	0
6.546875	0
6.548828125	0
6.55078125	0
6.552734375	0
6.5546875	0
6.556640625	0
6.55859375	0
6.560546875	0
6.5625	0
6.564453125	0
6.56640625	0
6.568359375	0
6.5703125	0
6.572265625	0
6.57421875	0
6.576171875	0
6.578125	0
6.580078125	0
6.58203125	0
6.583984375	0
6.5859375	0
6.587890625	0
6.58984375	0
6.591796875	0
6.59375	0
6.595703125	0
6.59765625	0
6.599609375	0
6.6015625	0
6.603515625	0
6.60546875	0
6.607421875	0
6.609375	0
6.611328125	0
6.61328125	0
6.615234375	0
6.6171875	0
6.619140625	0
6.62109375	0
6.623046875	0
6.625	0
6.626953125	0
6.62890625	0
6.630859375	0
6.6328125	0
6.634765625	0
6.63671875	0
6.638671875	0
6.640625	0
6.642578125	0
6.64453125	0
6.646484375	0
6.6484375	0
6.650390625	0
6.65234375	0
6.654296875	0
6.65625	0
6.658203125	0
6.66015625	0
6.662109375	0
6.6640625	0
6.666015625	0
6.66796875	0
6.669921875	0
6.671875	0
6.673828125	0
6.67578125	0
6.677734375	0
6.6796875	0
6.681640625	0
6.68359375	0
6.685546875	0
6.6875	0
6.689453125	0
6.69140625	0
6.693359375	0
6.6953125	0
6.697265625	0
6.69921875	0
6.701171875	0
6.703125	0
6.705078125	0
6.70703125	0
6.708984375	0
6.7109375	0
6.712890625	0
6.71484375	0
6.716796875	0
6.71875	0
6.720703125	0
6.72265625	0
6.724609375	0
6.7265625	0
6.728515625	0
6.73046875	0
6.732421875	0
6.734375	0
6.736328125	0
6.73828125	0
6.740234375	0
6.7421875	0
6.744140625	0
6.74609375	0
6.748046875	0
6.75	0
6.751953125	0
6.75390625	0
6.755859375	0
6.7578125	0
6.759765625	0
6.76171875	0
6.763671875	0
6.765625	0
6.767578125	0
6.76953125	0
6.771484375	0
6.7734375	0
6.775390625	0
6.77734375	0
6.779296875	0
6.78125	0
6.783203125	0
6.78515625	0
6.787109375	0
6.7890625	0
6.791015625	0
6.79296875	0
6.794921875	0
6.796875	0
6.798828125	0
6.80078125	0
6.802734375	0
6.8046875	0
6.806640625	0
6.80859375	0
6.810546875	0
6.8125	0
6.814453125	0
6.81640625	0
6.818359375	0
6.8203125	0
6.822265625	0
6.82421875	0
6.826171875	0
6.828125	0
6.830078125	0
6.83203125	0
6.833984375	0
6.8359375	0
6.837890625	0
6.83984375	0
6.841796875	0
6.84375	0
6.845703125	0
6.84765625	0
6.849609375	0
6.8515625	0
6.853515625	0
6.85546875	0
6.857421875	0
6.859375	0
6.861328125	0
6.86328125	0
6.865234375	0
6.8671875	0
6.869140625	0
6.87109375	0
6.873046875	0
6.875	0
6.876953125	0
6.87890625	0
6.880859375	0
6.8828125	0
6.884765625	0
6.88671875	0
6.888671875	0
6.890625	0
6.892578125	0
6.89453125	0
6.896484375	0
6.8984375	0
6.900390625	0
6.90234375	0
6.904296875	0
6.90625	0
6.908203125	0
6.91015625	0
6.912109375	0
6.9140625	0
6.916015625	0
6.91796875	0
6.919921875	0
6.921875	0
6.923828125	0
6.92578125	0
6.927734375	0
6.9296875	0
6.931640625	0
6.93359375	0
6.935546875	0
6.9375	0
6.939453125	0
6.94140625	0
6.943359375	0
6.9453125	0
6.947265625	0
6.94921875	0
6.951171875	0
6.953125	0
6.955078125	0
6.95703125	0
6.958984375	0
6.9609375	0
6.962890625	0
6.96484375	0
6.966796875	0
6.96875	0
6.970703125	0
6.97265625	0
6.974609375	0
6.9765625	0
6.978515625	0
6.98046875	0
6.982421875	0
6.984375	0
6.986328125	0
6.98828125	0
6.990234375	0
6.9921875	0
6.994140625	0
6.99609375	0
6.998046875	0
7	0
7.001953125	0
7.00390625	0
7.005859375	0
7.0078125	0
7.009765625	0
7.01171875	0
7.013671875	0
7.015625	0
7.017578125	0
7.01953125	0
7.021484375	0
7.0234375	0
7.025390625	0
7.02734375	0
7.029296875	0
7.03125	0
7.033203125	0
7.03515625	0
7.037109375	0
7.0390625	0
7.041015625	0
7.04296875	0
7.044921875	0
7.046875	0
7.048828125	0
7.05078125	0
7.052734375	0
7.0546875	0
7.056640625	0
7.05859375	0
7.060546875	0
7.0625	0
7.064453125	0
7.06640625	0
7.068359375	0
7.0703125	0
7.072265625	0
7.07421875	0
7.076171875	0
7.078125	0
7.080078125	0
7.08203125	0
7.083984375	0
7.0859375	0
7.087890625	0
7.08984375	0
7.091796875	0
7.09375	0
7.095703125	0
7.09765625	0
7.099609375	0
7.1015625	0
7.103515625	0
7.10546875	0
7.107421875	0
7.109375	0
7.111328125	0
7.11328125	0
7.115234375	0
7.1171875	0
7.119140625	0
7.12109375	0
7.123046875	0
7.125	0
7.126953125	0
7.12890625	0
7.130859375	0
7.1328125	0
7.134765625	0
7.13671875	0
7.138671875	0
7.140625	0
7.142578125	0
7.14453125	0
7.146484375	0
7.1484375	0
7.150390625	0
7.15234375	0
7.154296875	0
7.15625	0
7.158203125	0
7.16015625	0
7.162109375	0
7.1640625	0
7.166015625	0
7.16796875	0
7.169921875	0
7.171875	0
7.173828125	0
7.17578125	0
7.177734375	0
7.1796875	0
7.181640625	0
7.18359375	0
7.185546875	0
7.1875	0
7.189453125	0
7.19140625	0
7.193359375	0
7.1953125	0
7.197265625	0
7.19921875	0
7.201171875	0
7.203125	0
7.205078125	0
7.20703125	0
7.208984375	0
7.2109375	0
7.212890625	0
7.21484375	0
7.216796875	0
7.21875	0
7.220703125	0
7.22265625	0
7.224609375	0
7.2265625	0
7.228515625	0
7.23046875	0
7.232421875	0
7.234375	0
7.236328125	0
7.23828125	0
7.240234375	0
7.2421875	0
7.244140625	0
7.24609375	0
7.248046875	0
7.25	0
7.251953125	0
7.25390625	0
7.255859375	0
7.2578125	0
7.259765625	0
7.26171875	0
7.263671875	0
7.265625	0
7.267578125	0
7.26953125	0
7.271484375	0
7.2734375	0
7.275390625	0
7.27734375	0
7.279296875	0
7.28125	0
7.283203125	0
7.28515625	0
7.287109375	0
7.2890625	0
7.291015625	0
7.29296875	0
7.294921875	0
7.296875	0
7.298828125	0
7.30078125	0
7.302734375	0
7.3046875	0
7.306640625	0
7.30859375	0
7.310546875	0
7.3125	0
7.314453125	0
7.31640625	0
7.318359375	0
7.3203125	0
7.322265625	0
7.32421875	0
7.326171875	0
7.328125	0
7.330078125	0
7.33203125	0
7.333984375	0
7.3359375	0
7.337890625	0
7.33984375	0
7.341796875	0
7.34375	0
7.345703125	0
7.34765625	0
7.349609375	0
7.3515625	0
7.353515625	0
7.35546875	0
7.357421875	0
7.359375	0
7.361328125	0
7.36328125	0
7.365234375	0
7.3671875	0
7.369140625	0
7.37109375	0
7.373046875	0
7.375	0
7.376953125	0
7.37890625	0
7.380859375	0
7.3828125	0
7.384765625	0
7.38671875	0
7.388671875	0
7.390625	0
7.392578125	0
7.39453125	0
7.396484375	0
7.3984375	0
7.400390625	0
7.40234375	0
7.404296875	0
7.40625	0
7.408203125	0
7.41015625	0
7.412109375	0
7.4140625	0
7.416015625	0
7.41796875	0
7.419921875	0
7.421875	0
7.423828125	0
7.42578125	0
7.427734375	0
7.4296875	0
7.431640625	0
7.43359375	0
7.435546875	0
7.4375	0
7.439453125	0
7.44140625	0
7.443359375	0
7.4453125	0
7.447265625	0
7.44921875	0
7.451171875	0
7.453125	0
7.455078125	0
7.45703125	0
7.458984375	0
7.4609375	0
7.462890625	0
7.46484375	0
7.466796875	0
7.46875	0
7.470703125	0
7.47265625	0
7.474609375	0
7.4765625	0
7.478515625	0
7.48046875	0
7.482421875	0
7.484375	0
7.486328125	0
7.48828125	0
7.490234375	0
7.4921875	0
7.494140625	0
7.49609375	0
7.498046875	0
7.5	0
7.501953125	0
7.50390625	0
7.505859375	0
7.5078125	0
7.509765625	0
7.51171875	0
7.513671875	0
7.515625	0
7.517578125	0
7.51953125	0
7.521484375	0
7.5234375	0
7.525390625	0
7.52734375	0
7.529296875	0
7.53125	0
7.533203125	0
7.53515625	0
7.537109375	0
7.5390625	0
7.541015625	0
7.54296875	0
7.544921875	0
7.546875	0
7.548828125	0
7.55078125	0
7.552734375	0
7.5546875	0
7.556640625	0
7.55859375	0
7.560546875	0
7.5625	0
7.564453125	0
7.56640625	0
7.568359375	0
7.5703125	0
7.572265625	0
7.57421875	0
7.576171875	0
7.578125	0
7.580078125	0
7.58203125	0
7.583984375	0
7.5859375	0
7.587890625	0
7.58984375	0
7.591796875	0
7.59375	0
7.595703125	0
7.59765625	0
7.599609375	0
7.6015625	0
7.603515625	0
7.60546875	0
7.607421875	0
7.609375	0
7.611328125	0
7.61328125	0
7.615234375	0
7.6171875	0
7.619140625	0
7.62109375	0
7.623046875	0
7.625	0
7.626953125	0
7.62890625	0
7.630859375	0
7.6328125	0
7.634765625	0
7.63671875	0
7.638671875	0
7.640625	0
7.642578125	0
7.64453125	0
7.646484375	0
7.6484375	0
7.650390625	0
7.65234375	0
7.654296875	0
7.65625	0
7.658203125	0
7.66015625	0
7.662109375	0
7.6640625	0
7.666015625	0
7.66796875	0
7.669921875	0
7.671875	0
7.673828125	0
7.67578125	0
7.677734375	0
7.6796875	0
7.681640625	0
7.68359375	0
7.685546875	0
7.6875	0
7.689453125	0
7.69140625	0
7.693359375	0
7.6953125	0
7.697265625	0
7.69921875	0
7.701171875	0
7.703125	0
7.705078125	0
7.70703125	0
7.708984375	0
7.7109375	0
7.712890625	0
7.71484375	0
7.716796875	0
7.71875	0
7.720703125	0
7.72265625	0
7.724609375	0
7.7265625	0
7.728515625	0
7.73046875	0
7.732421875	0
7.734375	0
7.736328125	0
7.73828125	0
7.740234375	0
7.7421875	0
7.744140625	0
7.74609375	0
7.748046875	0
7.75	0
7.751953125	0
7.75390625	0
7.755859375	0
7.7578125	0
7.759765625	0
7.76171875	0
7.763671875	0
7.765625	0
7.767578125	0
7.76953125	0
7.771484375	0
7.7734375	0
7.775390625	0
7.77734375	0
7.779296875	0
7.78125	0
7.783203125	0
7.78515625	0
7.787109375	0
7.7890625	0
7.791015625	0
7.79296875	0
7.794921875	0
7.796875	0
7.798828125	0
7.80078125	0
7.802734375	0
7.8046875	0
7.806640625	0
7.80859375	0
7.810546875	0
7.8125	0
7.814453125	0
7.81640625	0
7.818359375	0
7.8203125	0
7.822265625	0
7.82421875	0
7.826171875	0
7.828125	0
7.830078125	0
7.83203125	0
7.833984375	0
7.8359375	0
7.837890625	0
7.83984375	0
7.841796875	0
7.84375	0
7.845703125	0
7.84765625	0
7.849609375	0
7.8515625	0
7.853515625	0
7.85546875	0
7.857421875	0
7.859375	0
7.861328125	0
7.86328125	0
7.865234375	0
7.8671875	0
7.869140625	0
7.87109375	0
7.873046875	0
7.875	0
7.876953125	0
7.87890625	0
7.880859375	0
7.8828125	0
7.884765625	0
7.88671875	0
7.888671875	0
7.890625	0
7.892578125	0
7.89453125	0
7.896484375	0
7.8984375	0
7.900390625	0
7.90234375	0
7.904296875	0
7.90625	0
7.908203125	0
7.91015625	0
7.912109375	0
7.9140625	0
7.916015625	0
7.91796875	0
7.919921875	0
7.921875	0
7.923828125	0
7.92578125	0
7.927734375	0
7.9296875	0
7.931640625	0
7.93359375	0
7.935546875	0
7.9375	0
7.939453125	0
7.94140625	0
7.943359375	0
7.9453125	0
7.947265625	0
7.94921875	0
7.951171875	0
7.953125	0
7.955078125	0
7.95703125	0
7.958984375	0
7.9609375	0
7.962890625	0
7.96484375	0
7.966796875	0
7.96875	0
7.970703125	0
7.97265625	0
7.974609375	0
7.9765625	0
7.978515625	0
7.98046875	0
7.982421875	0
7.984375	0
7.986328125	0
7.98828125	0
7.990234375	0
7.9921875	0
7.994140625	0
7.99609375	0
7.998046875	0
8	0
8.001953125	0
8.00390625	0
8.005859375	0
8.0078125	0
8.009765625	0
8.01171875	0
8.013671875	0
8.015625	0
8.017578125	0
8.01953125	0
8.021484375	0
8.0234375	0
8.025390625	0
8.02734375	0
8.029296875	0
8.03125	0
8.033203125	0
8.03515625	0
8.037109375	0
8.0390625	0
8.041015625	0
8.04296875	0
8.044921875	0
8.046875	0
8.048828125	0
8.05078125	0
8.052734375	0
8.0546875	0
8.056640625	0
8.05859375	0
8.060546875	0
8.0625	0
8.064453125	0
8.06640625	0
8.068359375	0
8.0703125	0
8.072265625	0
8.07421875	0
8.076171875	0
8.078125	0
8.080078125	0
8.08203125	0
8.083984375	0
8.0859375	0
8.087890625	0
8.08984375	0
8.091796875	0
8.09375	0
8.095703125	0
8.09765625	0
8.099609375	0
8.1015625	0
8.103515625	0
8.10546875	0
8.107421875	0
8.109375	0
8.111328125	0
8.11328125	0
8.115234375	0
8.1171875	0
8.119140625	0
8.12109375	0
8.123046875	0
8.125	0
8.126953125	0
8.12890625	0
8.130859375	0
8.1328125	0
8.134765625	0
8.13671875	0
8.138671875	0
8.140625	0
8.142578125	0
8.14453125	0
8.146484375	0
8.1484375	0
8.150390625	0
8.15234375	0
8.154296875	0
8.15625	0
8.158203125	0
8.16015625	0
8.162109375	0
8.1640625	0
8.166015625	0
8.16796875	0
8.169921875	0
8.171875	0
8.173828125	0
8.17578125	0
8.177734375	0
8.1796875	0
8.181640625	0
8.18359375	0
8.185546875	0
8.1875	0
8.189453125	0
8.19140625	0
8.193359375	0
8.1953125	0
8.197265625	0
8.19921875	0
8.201171875	0
8.203125	0
8.205078125	0
8.20703125	0
8.208984375	0
8.2109375	0
8.212890625	0
8.21484375	0
8.216796875	0
8.21875	0
8.220703125	0
8.22265625	0
8.224609375	0
8.2265625	0
8.228515625	0
8.23046875	0
8.232421875	0
8.234375	0
8.236328125	0
8.23828125	0
8.240234375	0
8.2421875	0
8.244140625	0
8.24609375	0
8.248046875	0
8.25	0
8.251953125	0
8.25390625	0
8.255859375	0
8.2578125	0
8.259765625	0
8.26171875	0
8.263671875	0
8.265625	0
8.267578125	0
8.26953125	0
8.271484375	0
8.2734375	0
8.275390625	0
8.27734375	0
8.279296875	0
8.28125	0
8.283203125	0
8.28515625	0
8.287109375	0
8.2890625	0
8.291015625	0
8.29296875	0
8.294921875	0
8.296875	0
8.298828125	0
8.30078125	0
8.302734375	0
8.3046875	0
8.306640625	0
8.30859375	0
8.310546875	0
8.3125	0
8.314453125	0
8.31640625	0
8.318359375	0
8.3203125	0
8.322265625	0
8.32421875	0
8.326171875	0
8.328125	0
8.330078125	0
8.33203125	0
8.333984375	0
8.3359375	0
8.337890625	0
8.33984375	0
8.341796875	0
8.34375	0
8.345703125	0
8.34765625	0
8.349609375	0
8.3515625	0
8.353515625	0
8.35546875	0
8.357421875	0
8.359375	0
8.361328125	0
8.36328125	0
8.365234375	0
8.3671875	0
8.369140625	0
8.37109375	0
8.373046875	0
8.375	0
8.376953125	0
8.37890625	0
8.380859375	0
8.3828125	0
8.384765625	0
8.38671875	0
8.388671875	0
8.390625	0
8.392578125	0
8.39453125	0
8.396484375	0
8.3984375	0
8.400390625	0
8.40234375	0
8.404296875	0
8.40625	0
8.408203125	0
8.41015625	0
8.412109375	0
8.4140625	0
8.416015625	0
8.41796875	0
8.419921875	0
8.421875	0
8.423828125	0
8.42578125	0
8.427734375	0
8.4296875	0
8.431640625	0
8.43359375	0
8.435546875	0
8.4375	0
8.439453125	0
8.44140625	0
8.443359375	0
8.4453125	0
8.447265625	0
8.44921875	0
8.451171875	0
8.453125	0
8.455078125	0
8.45703125	0
8.458984375	0
8.4609375	0
8.462890625	0
8.46484375	0
8.466796875	0
8.46875	0
8.470703125	0
8.47265625	0
8.474609375	0
8.4765625	0
8.478515625	0
8.48046875	0
8.482421875	0
8.484375	0
8.486328125	0
8.48828125	0
8.490234375	0
8.4921875	0
8.494140625	0
8.49609375	0
8.498046875	0
8.5	0
8.501953125	0
8.50390625	0
8.505859375	0
8.5078125	0
8.509765625	0
8.51171875	0
8.513671875	0
8.515625	0
8.517578125	0
8.51953125	0
8.521484375	0
8.5234375	0
8.525390625	0
8.52734375	0
8.529296875	0
8.53125	0
8.533203125	0
8.53515625	0
8.537109375	0
8.5390625	0
8.541015625	0
8.54296875	0
8.544921875	0
8.546875	0
8.548828125	0
8.55078125	0
8.552734375	0
8.5546875	0
8.556640625	0
8.55859375	0
8.560546875	0
8.5625	0
8.564453125	0
8.56640625	0
8.568359375	0
8.5703125	0
8.572265625	0
8.57421875	0
8.576171875	0
8.578125	0
8.580078125	0
8.58203125	0
8.583984375	0
8.5859375	0
8.587890625	0
8.58984375	0
8.591796875	0
8.59375	0
8.595703125	0
8.59765625	0
8.599609375	0
8.6015625	0
8.603515625	0
8.60546875	0
8.607421875	0
8.609375	0
8.611328125	0
8.61328125	0
8.615234375	0
8.6171875	0
8.619140625	0
8.62109375	0
8.623046875	0
8.625	0
8.626953125	0
8.62890625	0
8.630859375	0
8.6328125	0
8.634765625	0
8.63671875	0
8.638671875	0
8.640625	0
8.642578125	0
8.64453125	0
8.646484375	0
8.6484375	0
8.650390625	0
8.65234375	0
8.654296875	0
8.65625	0
8.658203125	0
8.66015625	0
8.662109375	0
8.6640625	0
8.666015625	0
8.66796875	0
8.669921875	0
8.671875	0
8.673828125	0
8.67578125	0
8.677734375	0
8.6796875	0
8.681640625	0
8.68359375	0
8.685546875	0
8.6875	0
8.689453125	0
8.69140625	0
8.693359375	0
8.6953125	0
8.697265625	0
8.69921875	0
8.701171875	0
8.703125	0
8.705078125	0
8.70703125	0
8.708984375	0
8.7109375	0
8.712890625	0
8.71484375	0
8.716796875	0
8.71875	0
8.720703125	0
8.72265625	0
8.724609375	0
8.7265625	0
8.728515625	0
8.73046875	0
8.732421875	0
8.734375	0
8.736328125	0
8.73828125	0
8.740234375	0
8.7421875	0
8.744140625	0
8.74609375	0
8.748046875	0
8.75	0
8.751953125	0
8.75390625	0
8.755859375	0
8.7578125	0
8.759765625	0
8.76171875	0
8.763671875	0
8.765625	0
8.767578125	0
8.76953125	0
8.771484375	0
8.7734375	0
8.775390625	0
8.77734375	0
8.779296875	0
8.78125	0
8.783203125	0
8.78515625	0
8.787109375	0
8.7890625	0
8.791015625	0
8.79296875	0
8.794921875	0
8.796875	0
8.798828125	0
8.80078125	0
8.802734375	0
8.8046875	0
8.806640625	0
8.80859375	0
8.810546875	0
8.8125	0
8.814453125	0
8.81640625	0
8.818359375	0
8.8203125	0
8.822265625	0
8.82421875	0
8.826171875	0
8.828125	0
8.830078125	0
8.83203125	0
8.833984375	0
8.8359375	0
8.837890625	0
8.83984375	0
8.841796875	0
8.84375	0
8.845703125	0
8.84765625	0
8.849609375	0
8.8515625	0
8.853515625	0
8.85546875	0
8.857421875	0
8.859375	0
8.861328125	0
8.86328125	0
8.865234375	0
8.8671875	0
8.869140625	0
8.87109375	0
8.873046875	0
8.875	0
8.876953125	0
8.87890625	0
8.880859375	0
8.8828125	0
8.884765625	0
8.88671875	0
8.888671875	0
8.890625	0
8.892578125	0
8.89453125	0
8.896484375	0
8.8984375	0
8.900390625	0
8.90234375	0
8.904296875	0
8.90625	0
8.908203125	0
8.91015625	0
8.912109375	0
8.9140625	0
8.916015625	0
8.91796875	0
8.919921875	0
8.921875	0
8.923828125	0
8.92578125	0
8.927734375	0
8.9296875	0
8.931640625	0
8.93359375	0
8.935546875	0
8.9375	0
8.939453125	0
8.94140625	0
8.943359375	0
8.9453125	0
8.947265625	0
8.94921875	0
8.951171875	0
8.953125	0
8.955078125	0
8.95703125	0
8.958984375	0
8.9609375	0
8.962890625	0
8.96484375	0
8.966796875	0
8.96875	0
8.970703125	0
8.97265625	0
8.974609375	0
8.9765625	0
8.978515625	0
8.98046875	0
8.982421875	0
8.984375	0
8.986328125	0
8.98828125	0
8.990234375	0
8.9921875	0
8.994140625	0
8.99609375	0
8.998046875	0
9	0
9.001953125	0
9.00390625	0
9.005859375	0
9.0078125	0
9.009765625	0
9.01171875	0
9.013671875	0
9.015625	0
9.017578125	0
9.01953125	0
9.021484375	0
9.0234375	0
9.025390625	0
9.02734375	0
9.029296875	0
9.03125	0
9.033203125	0
9.03515625	0
9.037109375	0
9.0390625	0
9.041015625	0
9.04296875	0
9.044921875	0
9.046875	0
9.048828125	0
9.05078125	0
9.052734375	0
9.0546875	0
9.056640625	0
9.05859375	0
9.060546875	0
9.0625	0
9.064453125	0
9.06640625	0
9.068359375	0
9.0703125	0
9.072265625	0
9.07421875	0
9.076171875	0
9.078125	0
9.080078125	0
9.08203125	0
9.083984375	0
9.0859375	0
9.087890625	0
9.08984375	0
9.091796875	0
9.09375	0
9.095703125	0
9.09765625	0
9.099609375	0
9.1015625	0
9.103515625	0
9.10546875	0
9.107421875	0
9.109375	0
9.111328125	0
9.11328125	0
9.115234375	0
9.1171875	0
9.119140625	0
9.12109375	0
9.123046875	0
9.125	0
9.126953125	0
9.12890625	0
9.130859375	0
9.1328125	0
9.134765625	0
9.13671875	0
9.138671875	0
9.140625	0
9.142578125	0
9.14453125	0
9.146484375	0
9.1484375	0
9.150390625	0
9.15234375	0
9.154296875	0
9.15625	0
9.158203125	0
9.16015625	0
9.162109375	0
9.1640625	0
9.166015625	0
9.16796875	0
9.169921875	0
9.171875	0
9.173828125	0
9.17578125	0
9.177734375	0
9.1796875	0
9.181640625	0
9.18359375	0
9.185546875	0
9.1875	0
9.189453125	0
9.19140625	0
9.193359375	0
9.1953125	0
9.197265625	0
9.19921875	0
9.201171875	0
9.203125	0
9.205078125	0
9.20703125	0
9.208984375	0
9.2109375	0
9.212890625	0
9.21484375	0
9.216796875	0
9.21875	0
9.220703125	0
9.22265625	0
9.224609375	0
9.2265625	0
9.228515625	0
9.23046875	0
9.232421875	0
9.234375	0
9.236328125	0
9.23828125	0
9.240234375	0
9.2421875	0
9.244140625	0
9.24609375	0
9.248046875	0
9.25	0
9.251953125	0
9.25390625	0
9.255859375	0
9.2578125	0
9.259765625	0
9.26171875	0
9.263671875	0
9.265625	0
9.267578125	0
9.26953125	0
9.271484375	0
9.2734375	0
9.275390625	0
9.27734375	0
9.279296875	0
9.28125	0
9.283203125	0
9.28515625	0
9.287109375	0
9.2890625	0
9.291015625	0
9.29296875	0
9.294921875	0
9.296875	0
9.298828125	0
9.30078125	0
9.302734375	0
9.3046875	0
9.306640625	0
9.30859375	0
9.310546875	0
9.3125	0
9.314453125	0
9.31640625	0
9.318359375	0
9.3203125	0
9.322265625	0
9.32421875	0
9.326171875	0
9.328125	0
9.330078125	0
9.33203125	0
9.333984375	0
9.3359375	0
9.337890625	0
9.33984375	0
9.341796875	0
9.34375	0
9.345703125	0
9.34765625	0
9.349609375	0
9.3515625	0
9.353515625	0
9.35546875	0
9.357421875	0
9.359375	0
9.361328125	0
9.36328125	0
9.365234375	0
9.3671875	0
9.369140625	0
9.37109375	0
9.373046875	0
9.375	0
9.376953125	0
9.37890625	0
9.380859375	0
9.3828125	0
9.384765625	0
9.38671875	0
9.388671875	0
9.390625	0
9.392578125	0
9.39453125	0
9.396484375	0
9.3984375	0
9.400390625	0
9.40234375	0
9.404296875	0
9.40625	0
9.408203125	0
9.41015625	0
9.412109375	0
9.4140625	0
9.416015625	0
9.41796875	0
9.419921875	0
9.421875	0
9.423828125	0
9.42578125	0
9.427734375	0
9.4296875	0
9.431640625	0
9.43359375	0
9.435546875	0
9.4375	0
9.439453125	0
9.44140625	0
9.443359375	0
9.4453125	0
9.447265625	0
9.44921875	0
9.451171875	0
9.453125	0
9.455078125	0
9.45703125	0
9.458984375	0
9.4609375	0
9.462890625	0
9.46484375	0
9.466796875	0
9.46875	0
9.470703125	0
9.47265625	0
9.474609375	0
9.4765625	0
9.478515625	0
9.48046875	0
9.482421875	0
9.484375	0
9.486328125	0
9.48828125	0
9.490234375	0
9.4921875	0
9.494140625	0
9.49609375	0
9.498046875	0
9.5	0
9.501953125	0
9.50390625	0
9.505859375	0
9.5078125	0
9.509765625	0
9.51171875	0
9.513671875	0
9.515625	0
9.517578125	0
9.51953125	0
9.521484375	0
9.5234375	0
9.525390625	0
9.52734375	0
9.529296875	0
9.53125	0
9.533203125	0
9.53515625	0
9.537109375	0
9.5390625	0
9.541015625	0
9.54296875	0
9.544921875	0
9.546875	0
9.548828125	0
9.55078125	0
9.552734375	0
9.5546875	0
9.556640625	0
9.55859375	0
9.560546875	0
9.5625	0
9.564453125	0
9.56640625	0
9.568359375	0
9.5703125	0
9.572265625	0
9.57421875	0
9.576171875	0
9.578125	0
9.580078125	0
9.58203125	0
9.583984375	0
9.5859375	0
9.587890625	0
9.58984375	0
9.591796875	0
9.59375	0
9.595703125	0
9.59765625	0
9.599609375	0
9.6015625	0
9.603515625	0
9.60546875	0
9.607421875	0
9.609375	0
9.611328125	0
9.61328125	0
9.615234375	0
9.6171875	0
9.619140625	0
9.62109375	0
9.623046875	0
9.625	0
9.626953125	0
9.62890625	0
9.630859375	2.45748024382125e-11
9.6328125	2.386697521855821e-10
9.634765625	2.1985404115061736e-9
9.63671875	1.920884477554221e-8
9.638671875	1.591833957360061e-7
9.640625	0.0000012511921368708547
9.642578125	0.000009327816017976846
9.64453125	0.00006595772386190479
9.646484375	0.0004423653200681721
9.6484375	0.0028140137055175465
9.650390625	0.016978568369768354
9.65234375	0.09716405941913489
9.654296875	0.5273997961771688
9.65625	2.7152135227913767
9.658203125	13.25860223820618
9.66015625	61.40747207047205
9.662109375	269.7580543074254
9.6640625	1123.9767953123885
9.666015625	4441.912442082651
9.66796875	16649.92821965976
9.669921875	59194.923152855605
9.671875	199611.83187010285
9.673828125	638436.6689948319
9.67578125	1936774.6379991958
9.677734375	5572756.657596073
9.6796875	15208654.463950709
9.681640625	39367807.6571151
9.68359375	96654346.97583702
9.685546875	225077081.60239145
9.6875	497131043.19903475
9.689453125	1041454294.1076787
9.69140625	2069375343.6426377
9.693359375	3900030909.732678
9.6953125	6971505133.21221
9.697265625	11819926542.147745
9.69921875	19007838230.230915
9.701171875	28992148495.841595
9.703125	41942836482.347305
9.705078125	57552595983.07758
9.70703125	74903439754.37398
9.708984375	92463074551.40244
9.7109375	108259152767.32602
9.712890625	120223854478.65695
9.71484375	126632861102.34427
9.716796875	126512082762.5923
9.71875	119880254740.47208
9.720703125	107744302574.31755
9.72265625	91849226888.03041
9.724609375	74268468023.8365
9.7265625	56967983369.65731
9.728515625	41470644118.15494
9.73046875	28696605061.311695
9.732421875	18988160594.6927
9.734375	12274120622.376472
9.736328125	8305537422.803262
9.73828125	6899881136.128464
9.740234375	8149571411.866098
9.7421875	12565911437.626606
9.744140625	21131481649.292164
9.74609375	35226296599.305435
9.748046875	56390306296.68442
9.75	85905850977.38423
9.751953125	124239283129.3997
9.75390625	170462327732.55707
9.755859375	221847850600.51868
9.7578125	273854019088.18198
9.759765625	320637783988.6742
9.76171875	356074215560.0009
9.763671875	375056092896.28235
9.765625	374698293430.62744
9.767578125	355056160591.9134
9.76953125	319111564771.5027
9.771484375	272031604045.55447
9.7734375	219954028752.45236
9.775390625	168692888335.955
9.77734375	122737145134.80238
9.779296875	84762233942.42293
9.78125	55673155736.78776
9.783203125	35036795614.25439
9.78515625	21691895647.517097
9.787109375	14345599868.340155
9.7890625	12035831589.345724
9.791015625	14410708400.408747
9.79296875	21818580133.37837
9.794921875	35211559491.60756
9.796875	55860983141.48671
9.798828125	84892937977.31859
9.80078125	122694648290.93468
9.802734375	168313843979.25485
9.8046875	219041591458.71875
9.806640625	270386579628.3399
9.80859375	316576946230.3367
9.810546875	351564270678.8549
9.8125	370305635810.3431
9.814453125	369952321735.78033
9.81640625	350558889038.185
9.818359375	315069297462.5265
9.8203125	268584808950.23584
9.822265625	217164351888.10782
9.82421875	166545489439.5924
9.826171875	121153277585.26611
9.828125	83612858807.50307
9.830078125	54781963417.16135
9.83203125	34159805779.590614
9.833984375	20460303366.08418
9.8359375	12159382420.264822
9.837890625	7900402252.26004
9.83984375	6721686312.9299345
9.841796875	8123979785.083504
9.84375	12015434738.963753
9.845703125	18568543069.4893
9.84765625	28015704797.475872
9.849609375	40412076144.02203
9.8515625	55408929109.05718
9.853515625	72098516588.32971
9.85546875	88995661181.65735
9.857421875	104197838872.95486
9.859375	115713230103.09303
9.861328125	121881642955.18324
9.86328125	121765327314.10661
9.865234375	115382194270.89317
9.8671875	103701179130.67993
9.869140625	88401233544.60504
9.87109375	71476401727.41171
9.873046875	54814664595.49839
9.875	39871315490.44004
9.876953125	27507688144.42545
9.87890625	18000200516.65551
9.880859375	11171984322.60956
9.8828125	6576775475.844688
9.884765625	3672192485.222873
9.88671875	1944767028.5846834
9.888671875	976876026.880915
9.890625	465415716.18327254
9.892578125	210316022.9269416
9.89453125	90143289.13041557
9.896484375	36645796.35801166
9.8984375	14130080.982705288
9.900390625	5167671.059803474
9.90234375	1792564.5179562545
9.904296875	589772.4120475436
9.90625	184044.92018721421
9.908203125	54474.46078215801
9.91015625	15292.967609966117
9.912109375	4072.1176874182447
9.9140625	1028.43914071981
9.916015625	246.35795835253705
9.91796875	55.973739126100966
9.919921875	12.062345564023222
9.921875	2.4655223078044988
9.923828125	0.4779867194964376
9.92578125	0.08789262751611719
9.927734375	0.015329175233819228
9.9296875	0.002535799159455274
9.931640625	0.00039786949424879247
9.93359375	0.00005921014897590257
9.935546875	0.000008357596297904749
9.9375	0.0000011189130741103925
9.939453125	1.4208264431197006e-7
9.94140625	1.71125778765268e-8
9.943359375	1.9548775875514453e-9
9.9453125	0
9.947265625	0
9.94921875	0
9.951171875	0
9.953125	0
9.955078125	0
9.95703125	0
9.958984375	0
9.9609375	0
9.962890625	0
9.96484375	0
9.966796875	0
9.96875	0
9.970703125	0
9.97265625	0
9.974609375	0
9.9765625	0
9.978515625	0
9.98046875	0
9.982421875	0
9.984375	0
9.986328125	0
9.98828125	0
9.990234375	0
9.9921875	0
9.994140625	0
9.99609375	0
9.998046875	0