1	0
1.0009765625	0
1.001953125	0
1.0029296875	0
1.00390625	0
1.0048828125	0
1.005859375	0
1.0068359375	3.299582837092227e-11
1.0078125	8.244008064041972e-11
1.0087890625	2.0424081541308575e-10
1.009765625	5.017315591559765e-10
1.0107421875	1.2221515377049415e-9
1.01171875	3.0182837116753685e-9
1.0126953125	7.235620405323163e-9
1.013671875	1.7200206442902406e-8
1.0146484375	4.054473167892663e-8
1.015625	9.477173533548004e-8
1.0166015625	2.197017836603137e-7
1.017578125	5.049790218943284e-7
1.0185546875	0.000001150958404551072
1.01953125	0.0000026013175228825416
1.0205078125	0.000005830093168088978
1.021484375	0.00001295707572812877
1.0224609375	0.000028555442463160014
1.0234375	0.0000624054110098087
1.0244140625	0.00013524093451011655
1.025390625	0.0002906349154977732
1.0263671875	0.0006193588004189856
1.02734375	0.001308859348433567
1.0283203125	0.0027428437863939417
1.029296875	0.005699909153735562
1.0302734375	0.011746133917570725
1.03125	0.0240039966756271
1.0322265625	0.04864466991177886
1.033203125	0.0977578428690887
1.0341796875	0.19482030424363003
1.03515625	0.3850212993317083
1.0361328125	0.7545794238964153
1.037109375	1.4665491604193392
1.0380859375	2.826582208547761
1.0390625	5.402588343824254
1.0400390625	10.240458372218326
1.041015625	19.24935813755222
1.0419921875	35.88348322027551
1.04296875	66.33712447005854
1.0439453125	121.61991605406425
1.044921875	221.12667988520616
1.0458984375	398.7203863190483
1.046875	712.9993478436592
1.0478515625	1264.462192866685
1.048828125	2223.9309858819875
1.0498046875	3879.1655095538567
1.05078125	6710.575323836685
1.0517578125	11513.003338004095
1.052734375	19589.710391495508
1.0537109375	33058.34334782802
1.0546875	55328.78247443775
1.0556640625	91842.02848869101
1.056640625	151201.3312034235
1.0576171875	246886.37496598225
1.05859375	399824.7359066621
1.0595703125	642209.8924172821
1.060546875	1023111.5516711453
1.0615234375	1616633.6760896654
1.0625	2533651.9942096793
1.0634765625	3938521.188447845
1.064453125	6072598.473992327
1.0654296875	9287000.674175628
1.06640625	14087709.673577338
1.0673828125	21196974.881311603
1.068359375	31635931.149884883
1.0693359375	46834443.54414666
1.0703125	68775375.13907097
1.0712890625	100181694.97233184
1.072265625	144756014.13874263
1.0732421875	207483136.20134318
1.07421875	295006870.2789376
1.0751953125	416092475.3965722
1.076171875	582185436.3730054
1.0771484375	808075534.8208029
1.078125	1112672074.777258
1.0791015625	1519891355.0474277
1.080078125	2059650787.1010027
1.0810546875	2768955248.5037317
1.08203125	3693050266.207719
1.0830078125	4886603539.410403
1.083984375	6414861455.427883
1.0849609375	8354711205.703857
1.0859375	10795562750.690216
1.0869140625	13839949397.924437
1.087890625	17603732624.51859
1.0888671875	22215787710.06095
1.08984375	27817043612.43184
1.0908203125	34558755194.82619
1.091796875	42599900116.987564
1.0927734375	52103617797.53911
1.09375	63232644621.3273
1.0947265625	76143748000.9217
1.095703125	90981221026.49957
1.0966796875	107869567171.68651
1.09765625	126905577630.3224
1.0986328125	148150078007.44043
1.099609375	171619691016.81534
1.1005859375	197279021655.1888
1.1015625	225033714916.07288
1.1025390625	254724857641.7744
1.103515625	286125190599.82263
1.1044921875	318937560725.90186
1.10546875	352795975041.16125
1.1064453125	387269517701.13367
1.107421875	421869263213.86096
1.1083984375	456058167927.1737
1.109375	489263756674.29865
1.1103515625	520893252167.23486
1.111328125	550350632782.9587
1.1123046875	577054961645.6283
1.11328125	600459217652.7034
1.1142578125	620068787057.8737
1.115234375	635458749678.2612
1.1162109375	646289120797.0276
1.1171875	652317288739.6056
1.1181640625	653407015376.6865
1.119140625	649533535180.8978
1.1201171875	640784487428.9545
1.12109375	627356632743.9873
1.1220703125	609548525038.5599
1.123046875	587749518407.7306
1.1240234375	562425671911.4342
1.125	534103261768.2373
1.1259765625	503350711470.0093
1.126953125	470759800485.80566
1.1279296875	436927010184.1912
1.12890625	402435813826.99176
1.1298828125	367840621901.31494
1.130859375	333652963410.8568
1.1318359375	300330328764.5504
1.1328125	268267932308.0279
1.1337890625	237793484085.88867
1.134765625	209164901946.2354
1.1357421875	182570755784.10956
1.13671875	158133122523.98575
1.1376953125	135912447776.39839
1.138671875	115913959765.21828
1.1396484375	98095162439.85632
1.140625	82373944865.9084
1.1416015625	68636878585.53089
1.142578125	56747328117.06889
1.1435546875	46553066059.0639
1.14453125	37893157322.76113
1.1455078125	30603951250.431183
1.146484375	24524091008.194042
1.1474609375	19498512935.521282
1.1484375	15381461897.713648
1.1494140625	12038590669.131746
1.150390625	9348241561.069082
1.1513671875	7202027362.678138
1.15234375	5504837322.790238
1.1533203125	4174393955.8789206
1.154296875	3140479741.7531233
1.1552734375	2343941198.2053223
1.15625	1735563137.4453065
1.1572265625	1274889765.310838
1.158203125	929052968.3850906
1.1591796875	671652675.2783941
1.16015625	481720287.5320022
1.1611328125	342784286.65056515
1.162109375	242047431.92719176
1.1630859375	169677475.22139704
1.1640625	118207902.69088392
1.1650390625	82041650.6050257
1.166015625	57048768.74230228
1.1669921875	40248346.45869108
1.16796875	29565415.332373705
1.1689453125	23654773.639013715
1.169921875	21785559.401925754
1.1708984375	23782792.168741245
1.171875	30024910.66807452
1.1728515625	41499486.30642448
1.173828125	59922740.22913062
1.1748046875	87932183.43573433
1.17578125	129365564.37870115
1.1767578125	189643234.22412908
1.177734375	276274850.2104437
1.1787109375	399514770.47589856
1.1796875	573193183.4288907
1.1806640625	815751478.6135839
1.181640625	1151510001.7475772
1.1826171875	1612193432.7470708
1.18359375	2238732790.2135525
1.1845703125	3083352677.2718344
1.185546875	4211937065.5922394
1.1865234375	5706646037.258481
1.1875	7668729109.402677
1.1884765625	10221448109.103365
1.189453125	13512984663.308968
1.1904296875	17719165541.164726
1.19140625	23045795470.57838
1.1923828125	29730344660.623917
1.193359375	38042700972.08579
1.1943359375	48284669114.22494
1.1953125	60787886549.08572
1.1962890625	75909833260.6412
1.197265625	94027645187.18251
1.1982421875	115529503025.82692
1.19921875	140803461878.36136
1.2001953125	170223713235.7554
1.201171875	204134426779.7668
1.2021484375	242831499946.65936
1.203125	286542739342.7115
1.2041015625	335407197894.7395
1.205078125	389454580286.28143
1.2060546875	448585790104.062
1.20703125	512555807850.31775
1.2080078125	580960143031.9535
1.208984375	653226081876.6166
1.2099609375	728609844996.4456
1.2109375	806200572396.5731
1.2119140625	884931769396.2322
1.212890625	963600486661.5842
1.2138671875	1040894088580.7992
1.21484375	1115424011405.7932
1.2158203125	1185765456022.799
1.216796875	1250501533119.5525
1.2177734375	1308270014571.313
1.21875	1357810575251.293
1.2197265625	1398010259918.9333
1.220703125	1427944898021.2527
1.2216796875	1446914322752.9973
1.22265625	1454469525927.7334
1.2236328125	1450430282115.2534
1.224609375	1434892278666.303
1.2255859375	1408223358743.884
1.2265625	1371049082663.2112
1.2275390625	1324228396690.8552
1.228515625	1268820727163.887
1.2294921875	1206046255238.2437
1.23046875	1137241445317.2913
1.2314453125	1063812079720.4001
1.232421875	987186086094.4502
1.2333984375	908768336519.597
1.234375	829899362853.3689
1.2353515625	751819595045.0951
1.236328125	675640317740.8
1.2373046875	602322088766.1941
1.23828125	532660904781.0891
1.2392578125	467281965969.561
1.240234375	406640509791.2608
1.2412109375	351028873853.1138
1.2421875	300588722707.273
1.2431640625	255327237999.05167
1.244140625	215136023818.3184
1.2451171875	179811511115.55008
1.24609375	149075743674.55078
1.2470703125	122596577386.92128
1.248046875	100006507110.62863
1.2490234375	80919534118.57996
1.25	64945686513.11821
1.2509765625	51702991992.33785
1.251953125	40826867128.0346
1.2529296875	31977023334.137173
1.25390625	24842093706.878296
1.2548828125	19142256540.251667
1.255859375	14630172560.976982
1.2568359375	11090567516.596588
1.2578125	8338784502.793101
1.2587890625	6218606627.079618
1.259765625	4599615539.721045
1.2607421875	3374309855.8514285
1.26171875	2455163685.1369157
1.2626953125	1771762671.747509
1.263671875	1268115535.001431
1.2646484375	900204650.7719908
1.265625	633810540.918846
1.2666015625	442622448.08484536
1.267578125	306630211.50878376
1.2685546875	210780857.9764349
1.26953125	143875930.91197664
1.2705078125	97681777.77324703
1.271484375	66223990.608822174
1.2724609375	45238205.76126799
1.2734375	31751879.97998912
1.2744140625	23774956.002781246
1.275390625	20081116.73992847
1.2763671875	20065320.621661507
1.27734375	23667322.64570549
1.2783203125	31354800.26730214
1.279296875	44163454.48011056
1.2802734375	63795004.972902514
1.28125	92777309.43452686
1.2822265625	134693860.39981717
1.283203125	194492564.1083667
1.2841796875	278885851.6183453
1.28515625	396855620.45695823
1.2861328125	560276998.466726
1.287109375	784674140.7679532
1.2880859375	1090118844.8928773
1.2890625	1502278297.3665679
1.2900390625	2053611350.8050354
1.291015625	2784703028.8008637
1.2919921875	3745714232.1539288
1.29296875	4997907820.633781
1.2939453125	6615193571.785141
1.294921875	8685613505.344173
1.2958984375	11312666636.880123
1.296875	14616349754.248928
1.2978515625	18733770111.124233
1.298828125	23819169232.696777
1.2998046875	30043186881.839756
1.30078125	37591193361.52582
1.3017578125	46660529406.331696
1.302734375	57456518298.397446
1.3037109375	70187156254.02405
1.3046875	85056445325.91559
1.3056640625	102256407536.43713
1.306640625	121957907649.90674
1.3076171875	144300511166.7921
1.30859375	169381708329.8082
1.3095703125	197245937163.85507
1.310546875	227873930606.4518
1.3115234375	261172985719.9996
1.3125	296968797930.8172
1.3134765625	334999512178.52655
1.314453125	374912609475.503
1.3154296875	416265167935.6622
1.31640625	458527911392.3984
1.3173828125	501093289629.92035
1.318359375	543287629314.1846
1.3193359375	584387165031.5178
1.3203125	623637519741.9558
1.3212890625	660275970013.1584
1.322265625	693555621205.5828
1.3232421875	722770448446.5393
1.32421875	747280045857.726
1.3251953125	766532880699.1521
1.326171875	780086877755.939
1.3271484375	787626263747.6255
1.328125	788973777171.1892
1.3291015625	784097585431.8262
1.330078125	773112532973.1788
1.3310546875	756275652181.2996
1.33203125	733976181673.6796
1.3330078125	706720632359.0598
1.333984375	675113699976.5902
1.3349609375	639836026463.8167
1.3359375	601619948786.7762
1.3369140625	561224435622.7212
1.337890625	519410398273.9369
1.3388671875	476917476961.3922
1.33984375	434443256894.2015
1.3408203125	392625673990.75366
1.341796875	352029144272.3728
1.3427734375	313134711336.2433
1.34375	276334270135.4147
1.3447265625	241928707993.50125
1.345703125	210129617956.85403
1.3466796875	181064094245.22702
1.34765625	154782019769.99857
1.3486328125	131265202603.8109
1.349609375	110437709523.204
1.3505859375	92176775014.144
1.3515625	76323726032.17332
1.3525390625	62694447719.57717
1.353515625	51089014208.20989
1.3544921875	41300212980.03031
1.35546875	33120793426.011604
1.3564453125	26349364079.70544
1.357421875	20794944013.738266
1.3583984375	16280239304.815556
1.359375	12643764141.394684
1.3603515625	9740958311.79901
1.361328125	7444469816.694302
1.3623046875	5643775322.291751
1.36328125	4244304684.732494
1.3642578125	3166221565.5212035
1.365234375	2342992872.2935476
1.3662109375	1719857783.3014534
1.3671875	1252284449.9540837
1.3681640625	904480680.8456495
1.369140625	648005105.0914481
1.3701171875	460508185.84877235
1.37109375	324618337.75817233
1.3720703125	226977334.70573968
1.373046875	157421001.24553895
1.3740234375	108295543.48586075
1.375	73896394.94578648
1.3759765625	50014703.94933759
1.376953125	33576157.17384863
1.3779296875	22357342.79845628
1.37890625	14765983.879749944
1.3798828125	9672856.068415077
1.380859375	6284841.713030957
1.3818359375	4050218.261237307
1.3828125	2588833.906021402
1.3837890625	1641227.8254291585
1.384765625	1031976.3814369093
1.3857421875	643582.4057219909
1.38671875	398079.15688756946
1.3876953125	244209.73719459175
1.388671875	148587.47554825016
1.3896484375	89665.33838776681
1.390625	53664.56933473162
1.3916015625	31854.36300376123
1.392578125	18752.79532285956
1.3935546875	10949.052779722504
1.39453125	6340.130680862759
1.3955078125	3641.0673704335795
1.396484375	2073.7950267364836
1.3974609375	1171.4057686720787
1.3984375	656.2225569820228
1.3994140625	364.5819066914208
1.400390625	200.8802164429879
1.4013671875	109.76788675855371
1.40234375	59.48501060855259
1.4033203125	31.969213764773354
1.404296875	17.039099949102575
1.4052734375	9.006369924942252
1.40625	4.721060249148964
1.4072265625	2.4542238540120067
1.408203125	1.2652371932964015
1.4091796875	0.6468613367858577
1.41015625	0.3279670886932673
1.4111328125	0.16490262259051497
1.412109375	0.08222455421071377
1.4130859375	0.04065843314352341
1.4140625	0.01993762446518032
1.4150390625	0.009695459637072789
1.416015625	0.0046755661267013325
1.4169921875	0.002235987869044754
1.41796875	0.0010604074874072445
1.4189453125	0.0004987040913515876
1.419921875	0.00023258334617584747
1.4208984375	0.00010756688790508751
1.421875	0.000049333474296365193
1.4228515625	0.000022437100958097112
1.423828125	0.000010119349413516735
1.4248046875	0.000004525829088019325
1.42578125	0.000002007254049618246
1.4267578125	8.828036719627313e-7
1.427734375	3.8501930151686585e-7
1.4287109375	1.6651619259079544e-7
1.4296875	7.13572711637763e-8
1.4306640625	3.0348877083268474e-8
1.431640625	1.2799660512599914e-8
1.4326171875	5.3530945738485555e-9
1.43359375	2.1054302482451354e-9
1.4345703125	8.673476587724071e-10
1.435546875	3.5429931999342e-10
1.4365234375	1.435067016740468e-10
1.4375	0
1.4384765625	0
1.439453125	0
1.4404296875	0
1.44140625	0
1.4423828125	0
1.443359375	0
1.4443359375	0
1.4453125	0
1.4462890625	0
1.447265625	0
1.4482421875	0
1.44921875	0
1.4501953125	0
1.451171875	0
1.4521484375	0
1.453125	0
1.4541015625	0
1.455078125	0
1.4560546875	0
1.45703125	0
1.4580078125	0
1.458984375	0
1.4599609375	0
1.4609375	0
1.4619140625	0
1.462890625	0
1.4638671875	0
1.46484375	0
1.4658203125	0
1.466796875	0
1.4677734375	0
1.46875	0
1.4697265625	0
1.470703125	0
1.4716796875	0
1.47265625	0
1.4736328125	0
1.474609375	0
1.4755859375	0
1.4765625	0
1.4775390625	0
1.478515625	0
1.4794921875	0
1.48046875	0
1.4814453125	0
1.482421875	0
1.4833984375	0
1.484375	0
1.4853515625	0
1.486328125	0
1.4873046875	0
1.48828125	0
1.4892578125	0
1.490234375	0
1.4912109375	0
1.4921875	0
1.4931640625	0
1.494140625	0
1.4951171875	0
1.49609375	0
1.4970703125	0
1.498046875	0
1.4990234375	0
1.5	0
1.5009765625	0
1.501953125	0
1.5029296875	0
1.50390625	0
1.5048828125	0
1.505859375	0
1.5068359375	0
1.5078125	0
1.5087890625	0
1.509765625	0
1.5107421875	0
1.51171875	0
1.5126953125	0
1.513671875	0
1.5146484375	0
1.515625	0
1.5166015625	0
1.517578125	0
1.5185546875	0
1.51953125	0
1.5205078125	0
1.521484375	0
1.5224609375	0
1.5234375	0
1.5244140625	0
1.525390625	0
1.5263671875	0
1.52734375	0
1.5283203125	0
1.529296875	0
1.5302734375	0
1.53125	0
1.5322265625	0
1.533203125	0
1.5341796875	0
1.53515625	0
1.5361328125	0
1.537109375	0
1.5380859375	0
1.5390625	0
1.5400390625	0
1.541015625	0
1.5419921875	0
1.54296875	0
1.5439453125	0
1.544921875	0
1.5458984375	0
1.546875	0
1.5478515625	0
1.548828125	0
1.5498046875	0
1.55078125	0
1.5517578125	0
1.552734375	0
1.5537109375	0
1.5546875	0
1.5556640625	0
1.556640625	0
1.5576171875	0
1.55859375	0
1.5595703125	0
1.560546875	0
1.5615234375	0
1.5625	0
1.5634765625	0
1.564453125	0
1.5654296875	0
1.56640625	0
1.5673828125	0
1.568359375	0
1.5693359375	0
1.5703125	0
1.5712890625	0
1.572265625	0
1.5732421875	0
1.57421875	0
1.5751953125	0
1.576171875	0
1.5771484375	0
1.578125	0
1.5791015625	0
1.580078125	0
1.5810546875	0
1.58203125	0
1.5830078125	0
1.583984375	0
1.5849609375	0
1.5859375	0
1.5869140625	0
1.587890625	0
1.5888671875	0
1.58984375	0
1.5908203125	0
1.591796875	0
1.5927734375	0
1.59375	0
1.5947265625	0
1.595703125	0
1.5966796875	0
1.59765625	0
1.5986328125	0
1.599609375	0
1.6005859375	0
1.6015625	0
1.6025390625	0
1.603515625	0
1.6044921875	0
1.60546875	0
1.6064453125	0
1.607421875	0
1.6083984375	0
1.609375	0
1.6103515625	0
1.611328125	0
1.6123046875	0
1.61328125	0
1.6142578125	0
1.615234375	0
1.6162109375	0
1.6171875	0
1.6181640625	0
1.619140625	0
1.6201171875	0
1.62109375	0
1.6220703125	0
1.623046875	0
1.6240234375	0
1.625	0
1.6259765625	0
1.626953125	0
1.6279296875	0
1.62890625	0
1.6298828125	0
1.630859375	0
1.6318359375	0
1.6328125	0
1.6337890625	0
1.634765625	0
1.6357421875	0
1.63671875	0
1.6376953125	0
1.638671875	0
1.6396484375	0
1.640625	0
1.6416015625	0
1.642578125	0
1.6435546875	0
1.64453125	0
1.6455078125	0
1.646484375	0
1.6474609375	0
1.6484375	0
1.6494140625	0
1.650390625	0
1.6513671875	0
1.65234375	0
1.6533203125	0
1.654296875	0
1.6552734375	0
1.65625	0
1.6572265625	0
1.658203125	0
1.6591796875	0
1.66015625	0
1.6611328125	0
1.662109375	0
1.6630859375	0
1.6640625	0
1.6650390625	0
1.666015625	0
1.6669921875	0
1.66796875	0
1.6689453125	0
1.669921875	0
1.6708984375	0
1.671875	0
1.6728515625	0
1.673828125	0
1.6748046875	0
1.67578125	0
1.6767578125	0
1.677734375	0
1.6787109375	0
1.6796875	0
1.6806640625	0
1.681640625	0
1.6826171875	0
1.68359375	0
1.6845703125	0
1.685546875	0
1.6865234375	0
1.6875	0
1.6884765625	0
1.689453125	0
1.6904296875	0
1.69140625	0
1.6923828125	0
1.693359375	0
1.6943359375	0
1.6953125	0
1.6962890625	0
1.697265625	0
1.6982421875	0
1.69921875	0
1.7001953125	0
1.701171875	0
1.7021484375	0
1.703125	0
1.7041015625	0
1.705078125	0
1.7060546875	0
1.70703125	0
1.7080078125	0
1.708984375	0
1.7099609375	0
1.7109375	0
1.7119140625	0
1.712890625	0
1.7138671875	0
1.71484375	0
1.7158203125	0
1.716796875	0
1.7177734375	0
1.71875	0
1.7197265625	0
1.720703125	0
1.7216796875	0
1.72265625	0
1.7236328125	0
1.724609375	0
1.7255859375	0
1.7265625	0
1.7275390625	0
1.728515625	0
1.7294921875	0
1.73046875	0
1.7314453125	0
1.732421875	0
1.7333984375	0
1.734375	0
1.7353515625	0
1.736328125	0
1.7373046875	0
1.73828125	0
1.7392578125	0
1.740234375	0
1.7412109375	0
1.7421875	0
1.7431640625	0
1.744140625	0
1.7451171875	0
1.74609375	0
1.7470703125	0
1.748046875	0
1.7490234375	0
1.75	0
1.7509765625	0
1.751953125	0
1.7529296875	0
1.75390625	0
1.7548828125	0
1.755859375	0
1.7568359375	0
1.7578125	0
1.7587890625	0
1.759765625	0
1.7607421875	0
1.76171875	0
1.7626953125	0
1.763671875	0
1.7646484375	0
1.765625	0
1.7666015625	0
1.767578125	0
1.7685546875	0
1.76953125	0
1.7705078125	0
1.771484375	0
1.7724609375	0
1.7734375	0
1.7744140625	0
1.775390625	0
1.7763671875	0
1.77734375	0
1.7783203125	0
1.779296875	0
1.7802734375	0
1.78125	0
1.7822265625	0
1.783203125	0
1.7841796875	0
1.78515625	0
1.7861328125	0
1.787109375	0
1.7880859375	0
1.7890625	0
1.7900390625	0
1.791015625	0
1.7919921875	0
1.79296875	0
1.7939453125	0
1.794921875	0
1.7958984375	0
1.796875	0
1.7978515625	0
1.798828125	0
1.7998046875	0
1.80078125	0
1.8017578125	0
1.802734375	0
1.8037109375	0
1.8046875	0
1.8056640625	0
1.806640625	0
1.8076171875	0
1.80859375	0
1.8095703125	0
1.810546875	0
1.8115234375	0
1.8125	0
1.8134765625	0
1.814453125	0
1.8154296875	0
1.81640625	0
1.8173828125	0
1.818359375	0
1.8193359375	0
1.8203125	0
1.8212890625	0
1.822265625	0
1.8232421875	0
1.82421875	0
1.8251953125	0
1.826171875	0
1.8271484375	0
1.828125	0
1.8291015625	0
1.830078125	0
1.8310546875	0
1.83203125	0
1.8330078125	0
1.833984375	0
1.8349609375	0
1.8359375	0
1.8369140625	0
1.837890625	0
1.8388671875	0
1.83984375	0
1.8408203125	0
1.841796875	0
1.8427734375	0
1.84375	0
1.8447265625	0
1.845703125	0
1.8466796875	0
1.84765625	0
1.8486328125	0
1.849609375	0
1.8505859375	0
1.8515625	0
1.8525390625	0
1.853515625	0
1.8544921875	0
1.85546875	0
1.8564453125	0
1.857421875	0
1.8583984375	0
1.859375	0
1.8603515625	0
1.861328125	0
1.8623046875	0
1.86328125	0
1.8642578125	0
1.865234375	0
1.8662109375	0
1.8671875	0
1.8681640625	0
1.869140625	0
1.8701171875	0
1.87109375	0
1.8720703125	0
1.873046875	0
1.8740234375	0
1.875	0
1.8759765625	0
1.876953125	0
1.8779296875	0
1.87890625	0
1.8798828125	0
1.880859375	0
1.8818359375	0
1.8828125	0
1.8837890625	0
1.884765625	0
1.8857421875	0
1.88671875	0
1.8876953125	0
1.888671875	0
1.8896484375	0
1.890625	0
1.8916015625	0
1.892578125	0
1.8935546875	0
1.89453125	0
1.8955078125	0
1.896484375	0
1.8974609375	0
1.8984375	0
1.8994140625	0
1.900390625	0
1.9013671875	0
1.90234375	0
1.9033203125	0
1.904296875	0
1.9052734375	0
1.90625	0
1.9072265625	0
1.908203125	0
1.9091796875	0
1.91015625	0
1.9111328125	0
1.912109375	0
1.9130859375	0
1.9140625	0
1.9150390625	0
1.916015625	0
1.9169921875	0
1.91796875	0
1.9189453125	0
1.919921875	0
1.9208984375	0
1.921875	0
1.9228515625	0
1.923828125	0
1.9248046875	0
1.92578125	0
1.9267578125	0
1.927734375	0
1.9287109375	0
1.9296875	0
1.9306640625	0
1.931640625	0
1.9326171875	0
1.93359375	0
1.9345703125	0
1.935546875	0
1.9365234375	0
1.9375	0
1.9384765625	0
1.939453125	0
1.9404296875	0
1.94140625	0
1.9423828125	0
1.943359375	0
1.9443359375	0
1.9453125	0
1.9462890625	0
1.947265625	0
1.9482421875	0
1.94921875	0
1.9501953125	0
1.951171875	0
1.9521484375	0
1.953125	0
1.9541015625	0
1.955078125	0
1.9560546875	0
1.95703125	0
1.9580078125	0
1.958984375	0
1.9599609375	0
1.9609375	0
1.9619140625	0
1.962890625	0
1.9638671875	0
1.96484375	0
1.9658203125	0
1.966796875	0
1.9677734375	0
1.96875	0
1.9697265625	0
1.970703125	0
1.9716796875	0
1.97265625	0
1.9736328125	0
1.974609375	0
1.9755859375	0
1.9765625	0
1.9775390625	0
1.978515625	0
1.9794921875	0
1.98046875	0
1.9814453125	0
1.982421875	0
1.9833984375	0
1.984375	0
1.9853515625	0
1.986328125	0
1.9873046875	0
1.98828125	0
1.9892578125	0
1.990234375	0
1.9912109375	0
1.9921875	0
1.9931640625	0
1.994140625	0
1.9951171875	0
1.99609375	0
1.9970703125	0
1.998046875	0
1.9990234375	0
2	0
2.0009765625	0
2.001953125	0
2.0029296875	0
2.00390625	0
2.0048828125	0
2.005859375	0
2.0068359375	0
2.0078125	0
2.0087890625	0
2.009765625	0
2.0107421875	0
2.01171875	0
2.0126953125	0
2.013671875	0
2.0146484375	0
2.015625	0
2.0166015625	0
2.017578125	0
2.0185546875	0
2.01953125	0
2.0205078125	0
2.021484375	0
2.0224609375	0
2.0234375	0
2.0244140625	0
2.025390625	0
2.0263671875	0
2.02734375	0
2.0283203125	0
2.029296875	0
2.0302734375	0
2.03125	0
2.0322265625	0
2.033203125	0
2.0341796875	0
2.03515625	0
2.0361328125	0
2.037109375	0
2.0380859375	0
2.0390625	0
2.0400390625	0
2.041015625	0
2.0419921875	0
2.04296875	0
2.0439453125	8.198738504515853e-16
2.044921875	2.0484549012191047e-15
2.0458984375	5.0749355909386936e-15
2.046875	1.2466927051323793e-14
2.0478515625	3.036778091428377e-14
2.048828125	7.334853645668219e-14
2.0498046875	1.756687874252873e-13
2.05078125	4.171790686234909e-13
2.0517578125	9.82370183809586e-13
2.052734375	2.2937843789916453e-12
2.0537109375	5.310736634330057e-12
2.0546875	1.2192189229351303e-11
2.0556640625	2.7754498222166792e-11
2.056640625	6.264837655886914e-11
2.0576171875	1.4022034084527363e-10
2.05859375	3.111981247536318e-10
2.0595703125	6.848377314010464e-10
2.060546875	1.4943872184550986e-9
2.0615234375	3.2334292639913058e-9
2.0625	6.937265892636431e-9
2.0634765625	1.4758359062394188e-8
2.064453125	3.113239699029426e-8
2.0654296875	6.511961182732709e-8
2.06640625	1.350628165738449e-7
2.0673828125	2.7776949997508047e-7
2.068359375	5.664454173935549e-7
2.0693359375	0.000001145397772170321
2.0703125	0.000002296568249093037
2.0712890625	0.000004565907765672029
2.072265625	0.000009001184588928885
2.0732421875	0.00001759531140509988
2.07421875	0.00003410507451603591
2.0751953125	0.00006554895973779133
2.076171875	0.0001249215489781035
2.0771484375	0.0002360661261440949
2.078125	0.00044233850082722325
2.0791015625	0.0008218651512558941
2.080078125	0.0015141578269140935
2.0810546875	0.0027660911143434375
2.08203125	0.0050105635306201424
2.0830078125	0.008999770200856348
2.083984375	0.01602880049479257
2.0849609375	0.02830710020357706
2.0859375	0.0495694952754113
2.0869140625	0.08607130094555351
2.087890625	0.1481927623392113
2.0888671875	0.25299991506727304
2.08984375	0.4282905707861347
2.0908203125	0.7189213921208016
2.091796875	1.1966001580966497
2.0927734375	1.9748834072843697
2.09375	3.2319052628486764
2.0947265625	5.244457114215306
2.095703125	8.43853800666567
2.0966796875	13.463520592390397
2.09765625	21.29976553806833
2.0986328125	33.41302245696634
2.099609375	51.97343944662893
2.1005859375	80.16262116426168
2.1015625	122.59905324161357
2.1025390625	185.92041461902082
2.103515625	279.5707926789333
2.1044921875	416.85140747633005
2.10546875	616.3047321394062
2.1064453125	903.513171848247
2.107421875	1313.4036836645248
2.1083984375	1893.1574179644765
2.109375	2705.826717756807
2.1103515625	3834.7582442479325
2.111328125	5388.907817310813
2.1123046875	7509.106696004043
2.11328125	10375.297335472138
2.1142578125	14214.696247598748
2.115234375	19310.7602364821
2.1162109375	26012.728931866648
2.1171875	34745.391924359385
2.1181640625	46018.58600011983
2.119140625	60435.772976798085
2.1201171875	78700.89077442254
2.12109375	101622.52241856804
2.1220703125	130114.30577649616
2.123046875	165190.42975771087
2.1240234375	207955.05080225697
2.125	259584.5369505149
2.1259765625	321301.62359149806
2.126953125	394340.85830492654
2.1279296875	479905.1277894634
2.12890625	579113.5934703248
2.1298828125	692941.9977161429
2.130859375	822157.0100885167
2.1318359375	967247.0197747302
2.1328125	1128352.491458135
2.1337890625	1305199.6236012017
2.134765625	1497041.512415122
2.1357421875	1702611.2653457196
2.13671875	1920091.4670290672
2.1376953125	2147104.0364943435
2.138671875	2380723.80754173
2.1396484375	2617518.1231102664
2.140625	2853613.3983638645
2.1416015625	3084788.0465585715
2.142578125	3306589.4749728683
2.1435546875	3514471.16545597
2.14453125	3703944.2880321597
2.1455078125	3870736.9898924343
2.146484375	4010953.577594609
2.1474609375	4121225.364701932
2.1484375	4198845.052645651
2.1494140625	4241877.168535499
2.150390625	4249238.272294814
2.1513671875	4220742.292984673
2.15234375	4157108.345827469
2.1533203125	4059930.5714578056
2.154296875	3931611.763421709
2.1552734375	3775264.641858179
2.15625	3594586.4357054383
2.1572265625	3393713.8238669178
2.158203125	3177066.166038727
2.1591796875	2949185.279381139
2.16015625	2714579.7881480115
2.1611328125	2477581.3351296564
2.162109375	2242218.780428726
2.1630859375	2012115.03776423
2.1640625	1790409.5412959883
2.1650390625	1579707.6312691444
2.166015625	1382056.5211159731
2.1669921875	1198946.0703275683
2.16796875	1031331.4188765504
2.1689453125	879673.69242189
2.169921875	743994.4837980504
2.1708984375	623939.6468615667
2.171875	518848.0702405957
2.1728515625	427821.47884191305
2.173828125	349791.8764627467
2.1748046875	283583.9254074923
2.17578125	227970.29246377992
2.1767578125	181718.7159839851
2.177734375	143630.21807344796
2.1787109375	112568.46388719187
2.1796875	87480.73513941222
2.1806640625	67411.32817339213
2.181640625	51508.410269511965
2.1826171875	39025.481745274956
2.18359375	29318.612145049596
2.1845703125	21840.566009119662
2.185546875	16132.827877829013
2.1865234375	11816.396929583589
2.1875	8582.066300361232
2.1884765625	6180.744917562832
2.189453125	4414.23138329761
2.1904296875	3126.7174310226674
2.19140625	2197.1870374039095
2.1923828125	1532.7880991953796
2.193359375	1063.186392548187
2.1943359375	735.864635306379
2.1953125	512.3003396556426
2.1962890625	364.941851135541
2.197265625	274.8995594115501
2.1982421875	230.27597577188993
2.19921875	225.071777886602
2.2001953125	258.6229816867442
2.201171875	335.5454253287946
2.2021484375	466.18532483762806
2.203125	667.5975209424969
2.2041015625	965.0949300752518
2.205078125	1394.4322573098605
2.2060546875	2004.7025830140274
2.20703125	2862.0349970554694
2.2080078125	4054.1826146198737
2.208984375	5696.08026559987
2.2099609375	7936.426819580805
2.2109375	10965.30532914398
2.2119140625	15022.79203156193
2.212890625	20408.420516014885
2.2138671875	27491.259042957383
2.21484375	36720.227941831414
2.2158203125	48634.13354110796
2.216796875	63870.73159124229
2.2177734375	83173.96651351676
2.21875	107398.37660692859
2.2197265625	137509.52661618462
2.220703125	174579.24767722655
2.2216796875	219774.4521126792
2.22265625	274338.36822209123
2.2236328125	339563.22708060074
2.224609375	416753.7433595144
2.2255859375	507181.17138576315
2.2265625	612028.2815899127
2.2275390625	732326.2739416918
2.228515625	868885.3926783587
2.2294921875	1022221.7852320025
2.23046875	1192483.8997829868
2.2314453125	1379382.3729239278
2.232421875	1582127.849606822
2.2333984375	1799381.431774474
2.234375	2029222.408878206
2.2353515625	2269137.538610315
2.236328125	2516035.399156482
2.2373046875	2766288.2339894576
2.23828125	3015802.2982037403
2.2392578125	3260116.066028874
2.240234375	3494523.876516142
2.2412109375	3714220.8054724648
2.2421875	3914462.8966086553
2.2431640625	4090735.504563362
2.244140625	4238921.5254627885
2.2451171875	4355460.8198428275
2.24609375	4437492.233872574
2.2470703125	4482970.318225553
2.248046875	4490750.100432607
2.2490234375	4460635.008076345
2.25	4393385.1456056135
2.2509765625	4290685.442850463
2.251953125	4155075.545373609
2.2529296875	3989845.5291546057
2.25390625	3798903.431159974
2.2548828125	3586622.0571174123
2.255859375	3357673.4617326353
2.2568359375	3116859.8452015016
2.2578125	2868949.373588114
2.2587890625	2618524.6575295213
2.259765625	2369850.402750533
2.2607421875	2126765.1965070334
2.26171875	1892600.653630186
2.2626953125	1670129.3559214813
2.263671875	1461541.3122424977
2.2646484375	1268447.1571317357
2.265625	1091905.0787907327
2.2666015625	932467.5759814171
2.267578125	790243.6073301877
2.2685546875	664971.5038541683
2.26953125	556098.1277399673
2.2705078125	462860.1192441411
2.271484375	384363.6087852833
2.2724609375	319659.4085621281
2.2734375	267811.36636277754
2.2744140625	227956.20205537308
2.275390625	199353.7069517799
2.2763671875	181426.63689635386
2.27734375	173789.95830691356
2.2783203125	176269.31624569173
2.279296875	188908.7036260825
2.2802734375	211967.35133433877
2.28125	245905.86862299743
2.2822265625	291361.683195756
2.283203125	349113.90119001066
2.2841796875	420037.8630988883
2.28515625	505049.93678881606
2.2861328125	605043.4737947615
2.287109375	720817.354533958
2.2880859375	852999.1391361945
2.2890625	1001965.4833405737
2.2900390625	1167763.1183705798
2.291015625	1350034.2635587554
2.2919921875	1547950.7685198148
2.29296875	1760161.496493543
2.2939453125	1984757.39921465
2.294921875	2219258.3497362277
2.2958984375	2460625.069922577
2.296875	2705298.419825592
2.2978515625	2949266.945239997
2.298828125	3188161.9784068256
2.2998046875	3417377.8555789674
2.30078125	3632213.0772939506
2.3017578125	3828026.629166119
2.302734375	4000402.340393817
2.3037109375	4145313.2095382
2.3046875	4259277.173082606
2.3056640625	4339495.896248813
2.306640625	4383968.8475646945
2.3076171875	4391576.150321286
2.30859375	4362125.409139531
2.3095703125	4296359.770023778
2.310546875	4195926.736974174
2.3115234375	4063309.5681898887
2.3125	3901725.237559505
2.3134765625	3714994.8124618884
2.314453125	3507393.533820257
2.3154296875	3283488.7943305545
2.31640625	3047974.5473205415
2.3173828125	2805510.4420554214
2.318359375	2560573.2183843832
2.3193359375	2317326.6913612843
2.3203125	2079515.1317568785
2.3212890625	1850383.1356832143
2.322265625	1632623.3147668939
2.3232421875	1428351.4581972915
2.32421875	1239107.331475635
2.3251953125	1065878.0690194769
2.326171875	909140.2428715683
2.3271484375	768916.1691606388
2.328125	644839.8388576255
2.3291015625	536227.9952474599
2.330078125	442152.2735847785
2.3310546875	361508.902837067
2.33203125	293083.17483458755
2.3330078125	235606.64416877038
2.333984375	187805.7718696723
2.3349609375	148441.41756430303
2.3359375	116339.18217602493
2.3369140625	90411.08390159521
2.337890625	69669.40493423365
2.3388671875	53233.777197238785
2.33984375	40332.69302008686
2.3408203125	30300.648091076317
2.341796875	22572.06938720236
2.3427734375	16673.07131711132
2.34375	12211.939261917492
2.3447265625	8869.078951511732
2.345703125	6387.007350968426
2.3466796875	4560.807058367604
2.34765625	3229.3292000361394
2.3486328125	2267.3138155803763
2.349609375	1578.503432312939
2.3505859375	1089.754540316312
2.3515625	746.1011407070046
2.3525390625	506.6917045909903
2.353515625	341.5025906382255
2.3544921875	228.7240289794693
2.35546875	152.7162203420078
2.3564453125	102.44034998808797
2.357421875	70.28028448376976
2.3583984375	51.18381420848571
2.359375	42.0664081980474
2.3603515625	41.43486007608574
2.361328125	49.20256782244581
2.3623046875	66.68241131304251
2.36328125	96.75735309326198
2.3642578125	144.24316627071352
2.365234375	216.4722743175561
2.3662109375	324.1426801558135
2.3671875	482.49131135735627
2.3681640625	712.8665058663198
2.369140625	1044.7891553210734
2.3701171875	1518.6051279001708
2.37109375	2188.8414247711557
2.3720703125	3128.382951380541
2.373046875	4433.583125359159
2.3740234375	6230.406627442125
2.375	8681.672919902885
2.3759765625	11995.421106934788
2.376953125	16434.346968399834
2.3779296875	22326.16900318966
2.37890625	30074.66087482322
2.3798828125	40170.94360022597
2.380859375	53204.46573429972
2.3818359375	69872.92061490986
2.3828125	90990.16722017952
2.3837890625	117491.05015720677
2.384765625	150431.87337280964
2.3857421875	190985.19307465758
2.38671875	240427.5815844483
2.3876953125	300119.0987882664
2.388671875	371473.4122609402
2.3896484375	455917.84626179654
2.390625	554843.1202694887
2.3916015625	669543.1546471189
2.392578125	801146.0555744655
2.3935546875	950538.2093540055
2.39453125	1118284.2679656425
2.3955078125	1304546.629889165
2.396484375	1509008.7390166635
2.3974609375	1730807.0612770747
2.3984375	1968476.876714096
2.3994140625	2219916.9774994384
2.400390625	2482377.9413208603
2.4013671875	2752477.832358902
2.40234375	3026247.9783818447
2.4033203125	3299209.9277695045
2.404296875	3566482.8859108887
2.4052734375	3822918.980245696
2.40625	4063261.746170677
2.4072265625	4282321.41536317
2.408203125	4475159.078016572
2.4091796875	4637270.721608592
2.41015625	4764761.6336522335
2.4111328125	4854501.766355954
2.412109375	4904253.419483921
2.4130859375	4912763.97197011
2.4140625	4879818.297585685
2.4150390625	4806247.8026039265
2.416015625	4693895.555399465
2.4169921875	4545539.549769913
2.41796875	4364778.56233681
2.4189453125	4155887.1505525494
2.419921875	3923647.9426855645
2.4208984375	3673170.388877962
2.421875	3409705.5186749063
2.4228515625	3138465.985587006
2.423828125	2864459.825708268
2.4248046875	2592345.0124193425
2.42578125	2326310.1835069843
2.4267578125	2069985.0010527964
2.427734375	1826381.633561031
2.4287109375	1597866.9702829241
2.4296875	1386163.5147735518
2.4306640625	1192375.5537176144
2.431640625	1017036.2183202694
2.4326171875	860170.4731721007
2.43359375	721368.8716115461
2.4345703125	599867.0686100558
2.435546875	494626.52189991897
2.4365234375	404412.4658600003
2.4375	327866.0318085178
2.4384765625	263568.23633573076
2.439453125	210094.39797071205
2.4404296875	166058.3162344811
2.44140625	130146.21538409007
2.4423828125	101140.9928747787
2.443359375	77937.70939821636
2.4443359375	59551.51554137834
2.4453125	45119.34174216828
2.4462890625	33896.70215913557
2.447265625	25250.901953936438
2.4482421875	18651.815026683173
2.44921875	13661.23809330986
2.4501953125	9921.647162900259
2.451171875	7145.000382500823
2.4521484375	5102.059288533867
2.453125	3612.547200413068
2.4541015625	2536.333689615939
2.455078125	1765.7296269297074
2.4560546875	1218.8977970170292
2.45703125	834.3273818241377
2.4580078125	566.2836580019946
2.458984375	381.12346424855247
2.4599609375	254.35875449973116
2.4609375	168.3514859956694
2.4619140625	110.53024752972632
2.462890625	72.02998101508722
2.4638671875	46.668995943763825
2.46484375	30.1908374390448
2.4658203125	19.7115089434121
2.466796875	13.32450756747574
2.4677734375	9.826835437431537
2.46875	8.538556272103776
2.4697265625	9.196681570744285
2.470703125	11.911407476955073
2.4716796875	17.179255642741417
2.47265625	25.95380236561207
2.4736328125	39.78071582460105
2.474609375	61.01004705488547
2.4755859375	93.10537870419373
2.4765625	141.0766995796095
2.4775390625	212.07181484257896
2.478515625	316.16965524409505
2.4794921875	467.4277649207983
2.48046875	685.2450450302878
2.4814453125	996.1087475556811
2.482421875	1435.8006628932487
2.4833984375	2052.139986649787
2.484375	2908.3376923990145
2.4853515625	4087.0272718240044
2.486328125	5695.0171076736515
2.4873046875	7868.778139636913
2.48828125	10780.634675692263
2.4892578125	14645.564504271531
2.490234375	19728.43608477246
2.4912109375	26351.416082513893
2.4921875	34901.17220894467
2.4931640625	45835.37877731988
2.494140625	59687.91265492946
2.4951171875	77072.01509603985
2.49609375	98680.60249161738
2.4970703125	125282.85062151302
2.498046875	157716.16796353238
2.4990234375	196872.72933488677
2.5	243679.87523171527
2.5009765625	299073.9046892636
2.501953125	363967.1046650968
2.5029296875	439208.26363843854
2.50390625	525537.3989673979
2.5048828125	623535.9641193615
2.505859375	733574.3606344508
2.5068359375	855759.1189936852
2.5078125	989882.5840854674
2.5087890625	1135378.2930950983
2.509765625	1291285.4160831498
2.5107421875	1456225.5985172805
2.51171875	1628395.268825759
2.5126953125	1805575.937955726
2.513671875	1985164.2283239067
2.5146484375	2164222.356239679
2.515625	2339548.608249038
2.5166015625	2507766.0725682564
2.517578125	2665426.602987121
2.5185546875	2809125.8048555455
2.51953125	2935623.8421967616
2.5205078125	3041966.1638282337
2.521484375	3125597.9084286066
2.5224609375	3184465.820959596
2.5234375	3217102.010325158
2.5244140625	3222684.7796419975
2.525390625	3201073.009974351
2.5263671875	3152812.088879589
2.52734375	3079111.036052662
2.5283203125	2981792.165445672
2.529296875	2863216.2097764416
2.5302734375	2726187.2018298004
2.53125	2573842.4597051525
2.5322265625	2409533.6907711523
2.533203125	2236705.47593769
2.5341796875	2058777.2221264166
2.53515625	1879034.1109149805
2.5361328125	1700531.6890390776
2.537109375	1526017.6275286674
2.5380859375	1357872.91940771
2.5390625	1198073.4930228055
2.5400390625	1048171.9851398512
2.541015625	909298.3271012637
2.5419921875	782176.9111048867
2.54296875	667157.461629693
2.5439453125	564256.3549979659
2.544921875	473205.00156611117
2.5458984375	393502.0047467989
2.546875	324466.0994969164
2.5478515625	265287.3017837756
2.548828125	215074.218199653
2.5498046875	172896.02115681206
2.55078125	137818.14524189042
2.5517578125	108931.26787992282
2.552734375	85373.57581977258
2.5537109375	66346.67168903991
2.5546875	51125.73518044875
2.5556640625	39064.7227974274
2.556640625	29597.4764345297
2.5576171875	22235.626773353313
2.55859375	16564.137381821925
2.5595703125	12235.255074085651
2.560546875	8961.526376059477
2.5615234375	6508.421975483155
2.5625	4686.991587143378
2.5634765625	3346.8588816128326
2.564453125	2369.7655609321455
2.5654296875	1663.7885156814893
2.56640625	1158.2854917202314
2.5673828125	799.5725327578574
2.568359375	547.2992745757665
2.5693359375	371.4639171591856
2.5703125	249.99605275763523
2.5712890625	166.83010561986552
2.572265625	110.39272496362814
2.5732421875	72.43212697235177
2.57421875	47.12450257118871
2.5751953125	30.40094441303172
2.576171875	19.446978200272486
2.5771484375	12.335078998416812
2.578125	7.7581201073793125
2.5791015625	4.838333698842215
2.580078125	2.991988317427627
2.5810546875	1.8346309866479205
2.58203125	1.1154813436698874
2.5830078125	0.6725129532061014
2.583984375	0.40203489706390577
2.5849609375	0.23831512483450945
2.5859375	0.1400761562038076
2.5869140625	0.08163973408865179
2.587890625	0.04718062643643593
2.5888671875	0.027036506884794094
2.58984375	0.015362511218030478
2.5908203125	0.00865562837115895
2.591796875	0.00483570441218299
2.5927734375	0.0026788330386707765
2.59375	0.0014714865696294984
2.5947265625	0.0008014782005562143
2.595703125	0.0004328644123625271
2.5966796875	0.0002318124758695297
2.59765625	0.00012309672103077673
2.5986328125	0.00006481580504891632
2.599609375	0.0000338407601863744
2.6005859375	0.000017519594775509354
2.6015625	0.000008993583249698623
2.6025390625	0.0000045778991089018576
2.603515625	0.0000023105982015610108
2.6044921875	0.0000011563981829343564
2.60546875	5.738721196258528e-7
2.6064453125	2.8238889053813335e-7
2.607421875	1.3778592117667224e-7
2.6083984375	6.666330434009242e-8
2.609375	3.1981113838704165e-8
2.6103515625	1.5213358153266215e-8
2.611328125	7.175982147732401e-9
2.6123046875	3.3563123071400835e-9
2.61328125	1.5565681400614975e-9
2.6142578125	7.158114885747391e-10
2.615234375	3.2640285406820103e-10
2.6162109375	1.475822021894554e-10
2.6171875	6.616659427334708e-11
2.6181640625	2.941496471098803e-11
2.619140625	1.2966496225780339e-11
2.6201171875	5.66763273483068e-12
2.62109375	2.456436363799959e-12
2.6220703125	1.0556843694960827e-12
2.623046875	4.498704019097091e-13
2.6240234375	1.9009272918229834e-13
2.625	7.964680278704762e-14
2.6259765625	3.308993724881515e-14
2.626953125	1.363164589546834e-14
2.6279296875	5.568335629096154e-15
2.62890625	2.255419174839252e-15
2.6298828125	0
2.630859375	0
2.6318359375	0
2.6328125	0
2.6337890625	0
2.634765625	0
2.6357421875	0
2.63671875	0
2.6376953125	0
2.638671875	0
2.6396484375	0
2.640625	0
2.6416015625	0
2.642578125	0
2.6435546875	0
2.64453125	0
2.6455078125	0
2.646484375	0
2.6474609375	0
2.6484375	0
2.6494140625	0
2.650390625	0
2.6513671875	0
2.65234375	0
2.6533203125	0
2.654296875	0
2.6552734375	0
2.65625	0
2.6572265625	0
2.658203125	0
2.6591796875	0
2.66015625	0
2.6611328125	0
2.662109375	0
2.6630859375	0
2.6640625	0
2.6650390625	0
2.666015625	0
2.6669921875	0
2.66796875	0
2.6689453125	0
2.669921875	0
2.6708984375	0
2.671875	0
2.6728515625	0
2.673828125	0
2.6748046875	0
2.67578125	0
2.6767578125	0
2.677734375	0
2.6787109375	0
2.6796875	0
2.6806640625	0
2.681640625	0
2.6826171875	0
2.68359375	0
2.6845703125	0
2.685546875	0
2.6865234375	0
2.6875	0
2.6884765625	0
2.689453125	0
2.6904296875	0
2.69140625	0
2.6923828125	0
2.693359375	0
2.6943359375	0
2.6953125	0
2.6962890625	0
2.697265625	0
2.6982421875	0
2.69921875	0
2.7001953125	0
2.701171875	0
2.7021484375	0
2.703125	0
2.7041015625	0
2.705078125	0
2.7060546875	0
2.70703125	0
2.7080078125	0
2.708984375	0
2.7099609375	0
2.7109375	0
2.7119140625	0
2.712890625	0
2.7138671875	0
2.71484375	0
2.7158203125	0
2.716796875	0
2.7177734375	0
2.71875	0
2.7197265625	0
2.720703125	0
2.7216796875	0
2.72265625	0
2.7236328125	0
2.724609375	0
2.7255859375	0
2.7265625	0
2.7275390625	0
2.728515625	0
2.7294921875	0
2.73046875	0
2.7314453125	0
2.732421875	0
2.7333984375	0
2.734375	0
2.7353515625	0
2.736328125	0
2.7373046875	0
2.73828125	0
2.7392578125	0
2.740234375	0
2.7412109375	0
2.7421875	0
2.7431640625	0
2.744140625	0
2.7451171875	0
2.74609375	0
2.7470703125	0
2.748046875	0
2.7490234375	0
2.75	0
2.7509765625	0
2.751953125	0
2.7529296875	0
2.75390625	0
2.7548828125	0
2.755859375	0
2.7568359375	0
2.7578125	0
2.7587890625	0
2.759765625	0
2.7607421875	0
2.76171875	0
2.7626953125	0
2.763671875	0
2.7646484375	0
2.765625	0
2.7666015625	0
2.767578125	0
2.7685546875	0
2.76953125	0
2.7705078125	0
2.771484375	0
2.7724609375	0
2.7734375	0
2.7744140625	0
2.775390625	0
2.7763671875	0
2.77734375	0
2.7783203125	0
2.779296875	0
2.7802734375	0
2.78125	0
2.7822265625	0
2.783203125	0
2.7841796875	0
2.78515625	0
2.7861328125	0
2.787109375	0
2.7880859375	0
2.7890625	0
2.7900390625	0
2.791015625	0
2.7919921875	0
2.79296875	0
2.7939453125	0
2.794921875	0
2.7958984375	0
2.796875	0
2.7978515625	0
2.798828125	0
2.7998046875	0
2.80078125	0
2.8017578125	0
2.802734375	0
2.8037109375	0
2.8046875	0
2.8056640625	0
2.806640625	0
2.8076171875	0
2.80859375	0
2.8095703125	0
2.810546875	0
2.8115234375	0
2.8125	0
2.8134765625	0
2.814453125	0
2.8154296875	0
2.81640625	0
2.8173828125	0
2.818359375	0
2.8193359375	0
2.8203125	0
2.8212890625	0
2.822265625	0
2.8232421875	0
2.82421875	0
2.8251953125	0
2.826171875	0
2.8271484375	0
2.828125	0
2.8291015625	0
2.830078125	0
2.8310546875	0
2.83203125	0
2.8330078125	0
2.833984375	0
2.8349609375	0
2.8359375	0
2.8369140625	0
2.837890625	0
2.8388671875	0
2.83984375	0
2.8408203125	0
2.841796875	0
2.8427734375	0
2.84375	0
2.8447265625	0
2.845703125	0
2.8466796875	0
2.84765625	0
2.8486328125	0
2.849609375	0
2.8505859375	0
2.8515625	0
2.8525390625	0
2.853515625	0
2.8544921875	0
2.85546875	0
2.8564453125	0
2.857421875	0
2.8583984375	0
2.859375	0
2.8603515625	0
2.861328125	0
2.8623046875	0
2.86328125	0
2.8642578125	0
2.865234375	0
2.8662109375	0
2.8671875	0
2.8681640625	0
2.869140625	0
2.8701171875	0
2.87109375	0
2.8720703125	0
2.873046875	0
2.8740234375	0
2.875	0
2.8759765625	0
2.876953125	0
2.8779296875	0
2.87890625	0
2.8798828125	0
2.880859375	0
2.8818359375	0
2.8828125	0
2.8837890625	0
2.884765625	0
2.8857421875	0
2.88671875	0
2.8876953125	0
2.888671875	0
2.8896484375	0
2.890625	0
2.8916015625	0
2.892578125	0
2.8935546875	0
2.89453125	0
2.8955078125	0
2.896484375	0
2.8974609375	0
2.8984375	0
2.8994140625	0
2.900390625	0
2.9013671875	0
2.90234375	0
2.9033203125	0
2.904296875	0
2.9052734375	0
2.90625	0
2.9072265625	0
2.908203125	0
2.9091796875	0
2.91015625	0
2.9111328125	0
2.912109375	0
2.9130859375	0
2.9140625	0
2.9150390625	0
2.916015625	0
2.9169921875	0
2.91796875	0
2.9189453125	0
2.919921875	0
2.9208984375	0
2.921875	0
2.9228515625	0
2.923828125	0
2.9248046875	0
2.92578125	0
2.9267578125	0
2.927734375	0
2.9287109375	0
2.9296875	0
2.9306640625	0
2.931640625	0
2.9326171875	0
2.93359375	0
2.9345703125	0
2.935546875	0
2.9365234375	0
2.9375	0
2.9384765625	0
2.939453125	0
2.9404296875	0
2.94140625	0
2.9423828125	0
2.943359375	0
2.9443359375	0
2.9453125	0
2.9462890625	0
2.947265625	0
2.9482421875	0
2.94921875	0
2.9501953125	0
2.951171875	0
2.9521484375	0
2.953125	0
2.9541015625	0
2.955078125	0
2.9560546875	0
2.95703125	0
2.9580078125	0
2.958984375	0
2.9599609375	0
2.9609375	0
2.9619140625	0
2.962890625	0
2.9638671875	0
2.96484375	0
2.9658203125	0
2.966796875	0
2.9677734375	0
2.96875	0
2.9697265625	0
2.970703125	0
2.9716796875	0
2.97265625	0
2.9736328125	0
2.974609375	0
2.9755859375	0
2.9765625	0
2.9775390625	0
2.978515625	0
2.9794921875	0
2.98046875	0
2.9814453125	0
2.982421875	0
2.9833984375	0
2.984375	0
2.9853515625	0
2.986328125	0
2.9873046875	0
2.98828125	0
2.9892578125	0
2.990234375	0
2.9912109375	0
2.9921875	0
2.9931640625	0
2.994140625	0
2.9951171875	0
2.99609375	0
2.9970703125	0
2.998046875	0
2.9990234375	0
3	0
3.0009765625	0
3.001953125	0
3.0029296875	0
3.00390625	0
3.0048828125	0
3.005859375	0
3.0068359375	0
3.0078125	0
3.0087890625	0
3.009765625	0
3.0107421875	0
3.01171875	0
3.0126953125	0
3.013671875	0
3.0146484375	0
3.015625	0
3.0166015625	0
3.017578125	0
3.0185546875	0
3.01953125	0
3.0205078125	0
3.021484375	0
3.0224609375	0
3.0234375	0
3.0244140625	0
3.025390625	0
3.0263671875	0
3.02734375	0
3.0283203125	0
3.029296875	0
3.0302734375	0
3.03125	0
3.0322265625	0
3.033203125	0
3.0341796875	0
3.03515625	0
3.0361328125	0
3.037109375	0
3.0380859375	0
3.0390625	0
3.0400390625	0
3.041015625	0
3.0419921875	0
3.04296875	0
3.0439453125	0
3.044921875	0
3.0458984375	0
3.046875	0
3.0478515625	0
3.048828125	0
3.0498046875	0
3.05078125	0
3.0517578125	0
3.052734375	0
3.0537109375	0
3.0546875	0
3.0556640625	0
3.056640625	0
3.0576171875	0
3.05859375	0
3.0595703125	0
3.060546875	0
3.0615234375	0
3.0625	0
3.0634765625	0
3.064453125	0
3.0654296875	0
3.06640625	0
3.0673828125	0
3.068359375	0
3.0693359375	0
3.0703125	0
3.0712890625	0
3.072265625	0
3.0732421875	0
3.07421875	0
3.0751953125	0
3.076171875	0
3.0771484375	0
3.078125	0
3.0791015625	0
3.080078125	0
3.0810546875	0
3.08203125	0
3.0830078125	0
3.083984375	0
3.0849609375	0
3.0859375	0
3.0869140625	0
3.087890625	0
3.0888671875	0
3.08984375	0
3.0908203125	0
3.091796875	0
3.0927734375	0
3.09375	0
3.0947265625	0
3.095703125	0
3.0966796875	0
3.09765625	0
3.0986328125	0
3.099609375	0
3.1005859375	0
3.1015625	0
3.1025390625	0
3.103515625	0
3.1044921875	0
3.10546875	0
3.1064453125	0
3.107421875	0
3.1083984375	0
3.109375	0
3.1103515625	0
3.111328125	0
3.1123046875	0
3.11328125	0
3.1142578125	0
3.115234375	0
3.1162109375	0
3.1171875	0
3.1181640625	0
3.119140625	0
3.1201171875	0
3.12109375	0
3.1220703125	0
3.123046875	0
3.1240234375	0
3.125	0
3.1259765625	0
3.126953125	0
3.1279296875	0
3.12890625	0
3.1298828125	0
3.130859375	0
3.1318359375	0
3.1328125	0
3.1337890625	0
3.134765625	0
3.1357421875	0
3.13671875	0
3.1376953125	0
3.138671875	0
3.1396484375	0
3.140625	0
3.1416015625	0
3.142578125	0
3.1435546875	0
3.14453125	0
3.1455078125	0
3.146484375	0
3.1474609375	0
3.1484375	0
3.1494140625	0
3.150390625	0
3.1513671875	0
3.15234375	0
3.1533203125	0
3.154296875	0
3.1552734375	0
3.15625	0
3.1572265625	0
3.158203125	0
3.1591796875	0
3.16015625	0
3.1611328125	0
3.162109375	0
3.1630859375	0
3.1640625	0
3.1650390625	0
3.166015625	0
3.1669921875	0
3.16796875	0
3.1689453125	0
3.169921875	0
3.1708984375	0
3.171875	0
3.1728515625	0
3.173828125	0
3.1748046875	0
3.17578125	0
3.1767578125	0
3.177734375	0
3.1787109375	0
3.1796875	0
3.1806640625	0
3.181640625	0
3.1826171875	0
3.18359375	0
3.1845703125	0
3.185546875	0
3.1865234375	0
3.1875	0
3.1884765625	0
3.189453125	0
3.1904296875	0
3.19140625	0
3.1923828125	0
3.193359375	0
3.1943359375	0
3.1953125	0
3.1962890625	0
3.197265625	0
3.1982421875	0
3.19921875	0
3.2001953125	0
3.201171875	0
3.2021484375	0
3.203125	0
3.2041015625	0
3.205078125	0
3.2060546875	0
3.20703125	0
3.2080078125	0
3.208984375	0
3.2099609375	0
3.2109375	0
3.2119140625	0
3.212890625	0
3.2138671875	0
3.21484375	0
3.2158203125	0
3.216796875	0
3.2177734375	0
3.21875	0
3.2197265625	0
3.220703125	0
3.2216796875	0
3.22265625	0
3.2236328125	0
3.224609375	0
3.2255859375	0
3.2265625	0
3.2275390625	0
3.228515625	0
3.2294921875	0
3.23046875	0
3.2314453125	0
3.232421875	0
3.2333984375	0
3.234375	0
3.2353515625	0
3.236328125	0
3.2373046875	0
3.23828125	0
3.2392578125	0
3.240234375	0
3.2412109375	0
3.2421875	0
3.2431640625	0
3.244140625	0
3.2451171875	0
3.24609375	0
3.2470703125	0
3.248046875	0
3.2490234375	0
3.25	0
3.2509765625	0
3.251953125	0
3.2529296875	0
3.25390625	0
3.2548828125	0
3.255859375	0
3.2568359375	0
3.2578125	0
3.2587890625	0
3.259765625	0
3.2607421875	0
3.26171875	0
3.2626953125	0
3.263671875	0
3.2646484375	0
3.265625	0
3.2666015625	0
3.267578125	0
3.2685546875	0
3.26953125	0
3.2705078125	0
3.271484375	0
3.2724609375	0
3.2734375	0
3.2744140625	0
3.275390625	0
3.2763671875	0
3.27734375	0
3.2783203125	0
3.279296875	0
3.2802734375	0
3.28125	0
3.2822265625	0
3.283203125	0
3.2841796875	0
3.28515625	0
3.2861328125	0
3.287109375	0
3.2880859375	0
3.2890625	0
3.2900390625	0
3.291015625	0
3.2919921875	0
3.29296875	0
3.2939453125	0
3.294921875	0
3.2958984375	0
3.296875	0
3.2978515625	0
3.298828125	0
3.2998046875	0
3.30078125	0
3.3017578125	0
3.302734375	0
3.3037109375	0
3.3046875	0
3.3056640625	0
3.306640625	0
3.3076171875	0
3.30859375	0
3.3095703125	0
3.310546875	0
3.3115234375	0
3.3125	0
3.3134765625	0
3.314453125	0
3.3154296875	0
3.31640625	0
3.3173828125	0
3.318359375	0
3.3193359375	0
3.3203125	0
3.3212890625	0
3.322265625	0
3.3232421875	0
3.32421875	0
3.3251953125	0
3.326171875	0
3.3271484375	0
3.328125	0
3.3291015625	0
3.330078125	0
3.3310546875	0
3.33203125	0
3.3330078125	0
3.333984375	0
3.3349609375	0
3.3359375	0
3.3369140625	0
3.337890625	0
3.3388671875	0
3.33984375	0
3.3408203125	0
3.341796875	0
3.3427734375	0
3.34375	0
3.3447265625	0
3.345703125	0
3.3466796875	0
3.34765625	0
3.3486328125	0
3.349609375	0
3.3505859375	0
3.3515625	0
3.3525390625	0
3.353515625	0
3.3544921875	0
3.35546875	0
3.3564453125	0
3.357421875	0
3.3583984375	0
3.359375	0
3.3603515625	0
3.361328125	0
3.3623046875	0
3.36328125	0
3.3642578125	0
3.365234375	0
3.3662109375	0
3.3671875	0
3.3681640625	0
3.369140625	0
3.3701171875	0
3.37109375	0
3.3720703125	0
3.373046875	0
3.3740234375	0
3.375	0
3.3759765625	0
3.376953125	0
3.3779296875	0
3.37890625	0
3.3798828125	0
3.380859375	0
3.3818359375	0
3.3828125	0
3.3837890625	0
3.384765625	0
3.3857421875	0
3.38671875	0
3.3876953125	0
3.388671875	0
3.3896484375	0
3.390625	0
3.3916015625	0
3.392578125	1.3176233926715217e-11
3.3935546875	3.2920821845851866e-11
3.39453125	8.155954537687702e-11
3.3955078125	2.0035661228255805e-10
3.396484375	4.880421359230423e-10
3.3974609375	1.1918001246379002e-9
3.3984375	2.855692666246211e-9
3.3994140625	6.785049403383251e-9
3.400390625	1.5985581526427794e-8
3.4013671875	3.734548701321059e-8
3.40234375	8.651322012076024e-8
3.4033203125	1.9872930152824496e-7
3.404296875	4.526649285278243e-7
3.4052734375	0.000001022416272674939
3.40625	0.0000022898924862574056
3.4072265625	0.000005085566684087007
3.408203125	0.000011199562179333429
3.4091796875	0.000024456859959008264
3.41015625	0.00005295888805856343
3.4111328125	0.00011371456671842669
3.412109375	0.00024212131315552493
3.4130859375	0.0005111992826746549
3.4140625	0.0010702577694194472
3.4150390625	0.0022219186258297372
3.416015625	0.0045741479893816805
3.4169921875	0.009337600660962262
3.41796875	0.018901843154264214
3.4189453125	0.037941768149690074
3.419921875	0.0755224965330232
3.4208984375	0.14906693134911272
3.421875	0.29176511095618185
3.4228515625	0.5662828164693867
3.423828125	1.0898891435993354
3.4248046875	2.080085382604133
3.42578125	3.9366871323101886
3.4267578125	7.3880970282896286
3.427734375	13.74951306232126
3.4287109375	25.374424985111805
3.4296875	46.43660188726712
3.4306640625	84.27159103564921
3.431640625	151.65605211001662
3.4326171875	270.64336591806295
3.43359375	478.9558183538212
3.4345703125	840.5340970941257
3.435546875	1462.778159674555
3.4365234375	2524.4474311105528
3.4375	4320.365210093757
3.4384765625	7332.3373305715195
3.439453125	12340.532373125805
3.4404296875	20596.64689273497
3.44140625	34090.39714791846
3.4423828125	55955.4382506471
3.443359375	91081.27371381331
3.4443359375	147026.06942342236
3.4453125	235363.99003902148
3.4462890625	373652.70104034635
3.447265625	588275.4798654439
3.4482421875	918501.8030505932
3.44921875	1422224.370140868
3.4501953125	2183973.1982558193
3.451171875	3325981.9260508073
3.4521484375	5023289.663233812
3.453125	7524103.102135482
3.4541015625	11176914.061872333
3.455078125	16466157.999811258
3.4560546875	24058493.47001796
3.45703125	34862056.897858344
3.4580078125	50101267.45458943
3.458984375	71409878.51117516
3.4599609375	100944939.28808656
3.4609375	141524076.86212602
3.4619140625	196787960.88973936
3.462890625	271388894.2389046
3.4638671875	371205108.614509
3.46484375	503578474.17899215
3.4658203125	677570918.9307778
3.466796875	904231896.9210305
3.4677734375	1196865794.7000318
3.46875	1571284337.084293
3.4697265625	2046025035.6221182
3.470703125	2642512786.312836
3.4716796875	3385138218.095001
3.47265625	4301223742.3245735
3.4736328125	5420846928.709054
3.474609375	6776491326.700163
3.4755859375	8402497630.675959
3.4765625	10334293542.84877
3.4775390625	12607389074.369108
3.478515625	15256135401.662199
3.4794921875	18312259571.218136
3.48046875	21803203841.247437
3.4814453125	25750316472.36888
3.482421875	30166959239.90313
3.4833984375	35056614485.4573
3.484375	40411089620.00642
3.4853515625	46208928026.249695
3.486328125	52414140741.17522
3.4873046875	58975371807.20834
3.48828125	65825600817.3981
3.4892578125	72882468525.66563
3.490234375	80049285662.9614
3.4912109375	87216752212.2005
3.4921875	94265375972.87918
3.4931640625	101068537554.16454
3.494140625	107496106740.50624
3.4951171875	113418475547.81873
3.49609375	118710839357.9406
3.4970703125	123257532191.91205
3.498046875	126956207871.87729
3.4990234375	129721657200.10318
3.5	131489063094.71793
3.5009765625	132216520567.80466
3.501953125	131886685158.24203
3.5029296875	130507459611.97443
3.50390625	128111681114.2066
3.5048828125	124755826561.32294
3.505859375	120517807327.72534
3.5068359375	115493973952.98503
3.5078125	109795491795.28351
3.5087890625	103544278324.09283
3.509765625	96868709631.88165
3.5107421875	89899307241.28146
3.51171875	82764606736.79578
3.5126953125	75587388503.20233
3.513671875	68481420065.07183
3.5146484375	61548821937.03914
3.515625	54878127572.62427
3.5166015625	48543066037.54498
3.517578125	42602056303.868835
3.5185546875	37098366991.32839
3.51953125	32060866793.325256
3.5205078125	27505269842.723503
3.521484375	23435767306.349205
3.5224609375	19846931289.777325
3.5234375	16725778864.208572
3.5244140625	14053891452.783533
3.525390625	11809496436.019547
3.5263671875	9969432068.779856
3.52734375	8510932126.006269
3.5283203125	7413181791.775217
3.529296875	6658610151.2392025
3.5302734375	6233896564.352505
3.53125	6130677888.736733
3.5322265625	6345951018.809603
3.533203125	6882170856.443194
3.5341796875	7747048180.00415
3.53515625	8953055614.166037
3.5361328125	10516653729.122444
3.537109375	12457253850.839455
3.5380859375	14795939922.771847
3.5390625	17553978977.31377
3.5400390625	20751158434.589714
3.541015625	24403998241.017776
3.5419921875	28523896207.963802
3.54296875	33115274994.177544
3.5439453125	38173808009.71294
3.544921875	43684808040.91319
3.5458984375	49621865568.616066
3.546875	55945822672.11149
3.5478515625	62604162414.73615
3.548828125	69530882355.2977
3.5498046875	76646904375.95934
3.55078125	83861051838.78229
3.5517578125	91071600076.80626
3.552734375	98168378666.67445
3.5537109375	105035375394.77295
3.5546875	111553764087.89027
3.5556640625	117605253367.8913
3.556640625	123075632668.859
3.5576171875	127858377072.457
3.55859375	131858164881.08588
3.5595703125	134994162123.27908
3.560546875	137202936619.57011
3.5615234375	138440880524.64114
3.5625	138686043548.18625
3.5634765625	137939307981.29166
3.564453125	136224869429.62619
3.5654296875	133590021677.91136
3.56640625	130104278104.7421
3.5673828125	125857893235.02086
3.568359375	120959874203.76942
3.5693359375	115535591258.0351
3.5703125	109724107542.71288
3.5712890625	103675350477.46999
3.572265625	97547239879.59067
3.5732421875	91502872182.55621
3.57421875	85707836920.325
3.5751953125	80327713032.4153
3.576171875	75525760986.5618
3.5771484375	71460795093.78787
3.578125	68285191763.97798
3.5791015625	66142966812.44395
3.580078125	65167840946.96605
3.5810546875	65481209321.22416
3.58203125	67189939793.12878
3.5830078125	70383945524.05064
3.583984375	75133509918.37045
3.5849609375	81486383596.64859
3.5859375	89464721001.12558
3.5869140625	99061974326.6498
3.587890625	110239910108.9542
3.5888671875	122925954086.85402
3.58984375	137011098160.60837
3.5908203125	152348615296.88263
3.591796875	168753821044.30905
3.5927734375	186005092319.5937
3.59375	203846305401.40036
3.5947265625	221990787555.44263
3.595703125	240126794127.13715
3.5966796875	257924430573.7316
3.59765625	275043843263.785
3.5986328125	291144411135.34607
3.599609375	305894589747.0795
3.6005859375	318981996595.86945
3.6015625	330123287360.0082
3.6025390625	339073360820.0556
3.603515625	345633447405.239
3.6044921875	349657682149.92426
3.60546875	351057834617.5772
3.6064453125	349805961331.47156
3.607421875	345934854095.3404
3.6083984375	339536272871.1607
3.609375	330757066738.32904
3.6103515625	319793393229.7387
3.611328125	306883338187.76495
3.6123046875	292298309706.14685
3.61328125	276333626934.74365
3.6142578125	259298745657.68472
3.615234375	241507557700.98413
3.6162109375	223269172293.6004
3.6171875	204879537951.43393
3.6181640625	186614197894.85278
3.619140625	168722395782.4701
3.6201171875	151422667235.8929
3.62109375	134899971643.02905
3.6220703125	119304342891.14482
3.623046875	104750970954.48317
3.6240234375	91321571533.73167
3.625	79066859939.49739
3.6259765625	68009918693.563095
3.626953125	58150235390.7907
3.6279296875	49468186825.859436
3.62890625	41929755170.52883
3.6298828125	35491279588.577
3.630859375	30104069425.145473
3.6318359375	25718730406.17609
3.6328125	22289080822.29492
3.6337890625	19775558603.051228
3.634765625	18148041249.66112
3.6357421875	17388018173.655
3.63671875	17490069123.718166
3.6376953125	18462613709.589806
3.638671875	20327906674.88499
3.6396484375	23121262989.177544
3.640625	26889507628.20192
3.6416015625	31688658630.606224
3.642578125	37580869924.77044
3.6435546875	44630683298.98508
3.64453125	52900666890.961784
3.6455078125	62446550090.80313
3.646484375	73312000374.36337
3.6474609375	85523224127.84778
3.6484375	99083608148.17294
3.6494140625	113968647905.35078
3.650390625	130121429340.83455
3.6513671875	147448939590.53302
3.65234375	165819475688.48862
3.6533203125	185061396982.49274
3.654296875	204963425766.4842
3.6552734375	225276641960.13834
3.65625	245718243481.9451
3.6572265625	265977057682.69586
3.658203125	285720695572.54065
3.6591796875	304604145366.46375
3.66015625	322279511500.98987
3.6611328125	338406526284.1697
3.662109375	352663399867.68164
3.6630859375	364757535462.7875
3.6640625	374435624418.8269
3.6650390625	381492651893.09924
3.666015625	385779388271.28864
3.6669921875	387208012050.5152
3.66796875	385755602389.92194
3.6689453125	381465348091.7598
3.669921875	374445437275.3057
3.6708984375	364865710626.77606
3.671875	352952272949.17957
3.6728515625	338980355434.2146
3.673828125	323265798382.5782
3.6748046875	306155576344.0853
3.67578125	288017812093.66705
3.6767578125	269231721862.37677
3.677734375	250177903265.41287
3.6787109375	231229322810.47217
3.6796875	212743286750.5976
3.6806640625	195054593576.32104
3.681640625	178469975508.66223
3.6826171875	163263846970.5081
3.68359375	149675296777.3236
3.6845703125	137906193389.87686
3.685546875	128120223386.92809
3.6865234375	120442655107.76498
3.6875	114960613167.53555
3.6884765625	111723664439.80267
3.689453125	110744549608.62595
3.6904296875	111999942529.19357
3.69140625	115431177289.0434
3.6923828125	120944944215.74107
3.693359375	128414015085.69684
3.6943359375	137678108665.5327
3.6953125	148545045403.50952
3.6962890625	160792360669.34256
3.697265625	174169546974.17865
3.6982421875	188401076333.90454
3.69921875	203190315382.55588
3.7001953125	218224390719.75217
3.701171875	233179994511.09915
3.7021484375	247730045947.296
3.703125	261551048931.6883
3.7041015625	274330916656.30396
3.705078125	285776975580.57715
3.7060546875	295623819955.2655
3.70703125	303640667369.392
3.7080078125	309637868153.0885
3.708984375	313472247333.34344
3.7099609375	315051005834.7221
3.7109375	314333974616.8857
3.7119140625	311334096842.09814
3.712890625	306116103285.85565
3.7138671875	298793438763.4521
3.71484375	289523585994.8704
3.7158203125	278502012165.1647
3.716796875	265955027458.11734
3.7177734375	252131890317.37183
3.71875	237296518899.64578
3.7197265625	221719171513.43634
3.720703125	205668441731.01538
3.7216796875	189403878658.73544
3.72265625	173169493001.02133
3.7236328125	157188349270.8252
3.724609375	141658378376.54156
3.7255859375	126749477440.60927
3.7265625	112601899313.02185
3.7275390625	99325876427.58592
3.728515625	87002375155.18777
3.7294921875	75684839414.20421
3.73046875	65401756784.01507
3.7314453125	56159866568.89026
3.732421875	47947826187.76376
3.7333984375	40740158280.15441
3.734375	34501313932.52189
3.7353515625	29189705127.64476
3.736328125	24761579575.421627
3.7373046875	21174631356.763023
3.73828125	18391259518.79835
3.7392578125	16381402602.53643
3.740234375	15124889341.10842
3.7412109375	14613254330.033676
3.7421875	14850972837.94281
3.7431640625	15856072140.750935
3.744140625	17660079309.01476
3.7451171875	20307269033.661514
3.74609375	23853181722.93576
3.7470703125	28362393522.71413
3.748046875	33905537555.285015
3.7490234375	40555600444.27385
3.75	48383550262.06036
3.7509765625	57453390681.0904
3.751953125	67816779648.125046
3.7529296875	79507396692.35529
3.75390625	92535287541.93896
3.7548828125	106881453948.17143
3.755859375	122492986078.66248
3.7568359375	139279050200.82065
3.7578125	157108041825.84674
3.7587890625	175806191200.10016
3.759765625	195157862599.30734
3.7607421875	214907721619.58527
3.76171875	234764857811.41068
3.7626953125	254408847756.887
3.763671875	273497632004.34106
3.7646484375	291676965502.85
3.765625	308591093531.13605
3.7666015625	323894211975.8272
3.767578125	337262200000.8089
3.7685546875	348404071171.4027
3.76953125	357072580497.87555
3.7705078125	363073451718.9554
3.771484375	366272750781.81866
3.7724609375	366602024429.51654
3.7734375	364060941065.35394
3.7744140625	358717306534.99866
3.775390625	350704470661.12524
3.7763671875	340216281205.0153
3.77734375	327499870613.622
3.7783203125	312846668742.5721
3.779296875	296582114845.3254
3.7802734375	279054589950.87787
3.78125	260624104424.45676
3.7822265625	241651255815.7326
3.783203125	222486922339.52682
3.7841796875	203463082882.3038
3.78515625	184885062175.45578
3.7861328125	167025397460.69052
3.787109375	150119418480.2649
3.7880859375	134362533334.47038
3.7890625	119909124972.99158
3.7900390625	106872891652.7555
3.791015625	95328412693.42293
3.7919921875	85313689569.97028
3.79296875	76833401350.89139
3.7939453125	69862620772.29193
3.794921875	64350759716.92516
3.7958984375	60225546654.94415
3.796875	57396879455.09554
3.7978515625	55760440686.80148
3.798828125	55201005285.32315
3.7998046875	55595409076.19768
3.80078125	56815178810.83634
3.8017578125	58728848618.07534
3.802734375	61204003585.668144
3.8037109375	64109098813.2211
3.8046875	67315102639.11454
3.8056640625	70697007220.57259
3.806640625	74135239887.45311
3.8076171875	77516996421.4794
3.80859375	80737504268.99022
3.8095703125	83701211096.26176
3.810546875	86322883164.05843
3.8115234375	88528589520.97476
3.8125	90256542453.08287
3.8134765625	91457762146.65576
3.814453125	92096534048.93185
3.8154296875	92150630700.33354
3.81640625	91611275494.3466
3.8173828125	90482833463.4798
3.818359375	88782223320.67445
3.8193359375	86538055116.97627
3.8203125	83789508508.78642
3.8212890625	80584977251.01271
3.822265625	76980515624.4308
3.8232421875	73038131540.11473
3.82421875	68823978525.42708
3.8251953125	64406504206.99952
3.826171875	59854615862.146286
3.8271484375	55235923820.83029
3.828125	50615120827.46741
3.8291015625	46052549959.02162
3.830078125	41603005582.50638
3.8310546875	37314801551.356705
3.83203125	33229128980.709602
3.8330078125	29379713219.44158
3.833984375	25792766822.62927
3.8349609375	22487223181.747337
3.8359375	19475224671.904022
3.8369140625	16762830267.153383
3.837890625	14350900914.833038
3.8388671875	12236116700.445358
3.83984375	10412077922.850788
3.8408203125	8870442400.302359
3.841796875	7602053266.483225
3.8427734375	6598014734.684975
3.84375	5850677330.487541
3.8447265625	5354498484.52579
3.845703125	5106748799.928298
3.8466796875	5108038563.271926
3.84765625	5362643110.289348
3.8486328125	5878609601.637635
3.849609375	6667631857.698718
3.8505859375	7744684485.149443
3.8515625	9127412977.883368
3.8525390625	10835283135.498978
3.853515625	12888501258.12936
3.8544921875	15306726226.195303
3.85546875	18107605620.69621
3.8564453125	21305180098.780354
3.857421875	24908212670.951633
3.8583984375	28918511458.95976
3.859375	33329324896.680714
3.8603515625	38123896021.28776
3.861328125	43274266345.15258
3.8623046875	48740418780.01212
3.86328125	54469842429.09968
3.8642578125	60397589353.72518
3.865234375	66446874691.60914
3.8662109375	72530247295.92574
3.8671875	78551329438.61311
3.8681640625	84407092626.79381
3.869140625	89990604163.88368
3.8701171875	95194147959.64496
3.87109375	99912595563.82274
3.8720703125	104046881675.82697
3.873046875	107507424381.59233
3.8740234375	110217325521.63113
3.875	112115191704.77637
3.8759765625	113157431624.10654
3.876953125	113319909812.5875
3.8779296875	112598869368.91351
3.87890625	111011074426.45146
3.8798828125	108593164691.40826
3.880859375	105400256429.77542
3.8818359375	101503863984.13933
3.8828125	96989250591.75688
3.8837890625	91952344703.65396
3.884765625	86496376505.58394
3.8857421875	80728397957.19919
3.88671875	74755848200.62614
3.8876953125	68683315199.141014
3.888671875	62609625178.74651
3.8896484375	56625365627.74121
3.890625	50810917396.36517
3.8916015625	45235039137.575
3.892578125	39954015224.919464
3.8935546875	35011348455.42572
3.89453125	30437953024.915348
3.8955078125	26252782725.64239
3.896484375	22463814826.076397
3.8974609375	19069301897.211407
3.8984375	16059201717.275902
3.8994140625	13416698681.486237
3.900390625	11119737926.118267
3.9013671875	9142504516.780972
3.90234375	7456793343.234698
3.9033203125	6033229629.697219
3.904296875	4842314147.902821
3.9052734375	3855280426.924496
3.90625	3044762823.3190236
3.9072265625	2385283813.4693856
3.908203125	1853576086.729048
3.9091796875	1428759941.333618
3.91015625	1092399264.8295867
3.9111328125	828460285.0705934
3.912109375	623196648.5754683
3.9130859375	464982594.56141347
3.9140625	344113416.67556995
3.9150390625	252589381.47986513
3.916015625	183896095.209734
3.9169921875	132791210.92935751
3.91796875	95104517.16379131
3.9189453125	67555956.9050246
3.919921875	47594050.281817645
3.9208984375	33255549.519194342
3.921875	23045922.57889677
3.9228515625	15839400.98641552
3.923828125	10796783.46799773
3.9248046875	7298900.292071393
3.92578125	4893554.259039386
3.9267578125	3253808.408103278
3.927734375	2145640.252432656
3.9287109375	1403188.721345493
3.9296875	910052.6226585191
3.9306640625	585336.0549191547
3.931640625	373361.56827896717
3.9326171875	236176.582620584
3.93359375	148157.74747471957
3.9345703125	92170.0310098753
3.935546875	56863.103329149795
3.9365234375	34789.2092001878
3.9375	21107.147288691885
3.9384765625	12699.406040394939
3.939453125	7577.11971247802
3.9404296875	4483.217720536066
3.94140625	2630.501812235936
3.9423828125	1530.5541688523278
3.943359375	883.1173848961605
3.9443359375	505.29636468823946
3.9453125	286.70176911109434
3.9462890625	161.31306725499354
3.947265625	90.00409835286834
3.9482421875	49.79746419448434
3.94921875	27.321408360103916
3.9501953125	14.86444208504668
3.951171875	8.01941410188482
3.9521484375	4.290264183129537
3.953125	2.275997208743087
3.9541015625	1.197304684344023
3.955078125	0.6245711591840362
3.9560546875	0.323074383102358
3.95703125	0.16571643575788855
3.9580078125	0.08428887485673976
3.958984375	0.04251241060421653
3.9599609375	0.021261859142522443
3.9609375	0.010544501071034783
3.9619140625	0.005185485518763761
3.962890625	0.002528661751676572
3.9638671875	0.0012227265411892702
3.96484375	0.0005862793778540221
3.9658203125	0.0002787507202455428
3.966796875	0.0001314204434461141
3.9677734375	0.00006143910548804029
3.96875	0.000028481402151414597
3.9697265625	0.000013092177916687443
3.970703125	0.000005967549482616395
3.9716796875	0.000002697201085467531
3.97265625	0.0000012088248490970175
3.9736328125	5.372121144494105e-7
3.974609375	2.3673376774249064e-7
3.9755859375	1.0344422791886656e-7
3.9765625	4.4821214252154194e-8
3.9775390625	1.9257147446954036e-8
3.978515625	8.204100485962878e-9
3.9794921875	3.4491216202583558e-9
3.98046875	1.4451447494018141e-9
3.9814453125	6.003975978924957e-10
3.982421875	2.473382584384728e-10
3.9833984375	1.0103419993908389e-10
3.984375	4.0923264514883584e-11
3.9853515625	0
3.986328125	0
3.9873046875	0
3.98828125	0
3.9892578125	0
3.990234375	0
3.9912109375	0
3.9921875	0
3.9931640625	0
3.994140625	0
3.9951171875	0
3.99609375	0
3.9970703125	0
3.998046875	0
3.9990234375	0
4	0
4.0009765625	0
4.001953125	0
4.0029296875	0
4.00390625	0
4.0048828125	0
4.005859375	0
4.0068359375	0
4.0078125	0
4.0087890625	0
4.009765625	0
4.0107421875	0
4.01171875	0
4.0126953125	0
4.013671875	0
4.0146484375	0
4.015625	0
4.0166015625	0
4.017578125	0
4.0185546875	0
4.01953125	0
4.0205078125	0
4.021484375	0
4.0224609375	0
4.0234375	0
4.0244140625	0
4.025390625	0
4.0263671875	0
4.02734375	0
4.0283203125	0
4.029296875	0
4.0302734375	0
4.03125	0
4.0322265625	0
4.033203125	0
4.0341796875	0
4.03515625	0
4.0361328125	0
4.037109375	0
4.0380859375	0
4.0390625	0
4.0400390625	0
4.041015625	0
4.0419921875	0
4.04296875	0
4.0439453125	0
4.044921875	0
4.0458984375	0
4.046875	0
4.0478515625	0
4.048828125	0
4.0498046875	0
4.05078125	0
4.0517578125	0
4.052734375	0
4.0537109375	0
4.0546875	0
4.0556640625	0
4.056640625	0
4.0576171875	0
4.05859375	0
4.0595703125	0
4.060546875	0
4.0615234375	0
4.0625	0
4.0634765625	0
4.064453125	0
4.0654296875	0
4.06640625	0
4.0673828125	0
4.068359375	0
4.0693359375	0
4.0703125	0
4.0712890625	0
4.072265625	0
4.0732421875	0
4.07421875	0
4.0751953125	0
4.076171875	0
4.0771484375	0
4.078125	0
4.0791015625	0
4.080078125	0
4.0810546875	0
4.08203125	0
4.0830078125	0
4.083984375	0
4.0849609375	0
4.0859375	0
4.0869140625	0
4.087890625	0
4.0888671875	0
4.08984375	0
4.0908203125	0
4.091796875	0
4.0927734375	0
4.09375	0
4.0947265625	0
4.095703125	0
4.0966796875	0
4.09765625	0
4.0986328125	0
4.099609375	0
4.1005859375	0
4.1015625	0
4.1025390625	0
4.103515625	0
4.1044921875	0
4.10546875	0
4.1064453125	0
4.107421875	0
4.1083984375	0
4.109375	0
4.1103515625	0
4.111328125	0
4.1123046875	0
4.11328125	0
4.1142578125	0
4.115234375	0
4.1162109375	0
4.1171875	0
4.1181640625	0
4.119140625	0
4.1201171875	0
4.12109375	0
4.1220703125	0
4.123046875	0
4.1240234375	0
4.125	0
4.1259765625	0
4.126953125	0
4.1279296875	0
4.12890625	0
4.1298828125	0
4.130859375	0
4.1318359375	0
4.1328125	0
4.1337890625	0
4.134765625	0
4.1357421875	0
4.13671875	0
4.1376953125	0
4.138671875	0
4.1396484375	0
4.140625	0
4.1416015625	0
4.142578125	0
4.1435546875	0
4.14453125	0
4.1455078125	0
4.146484375	0
4.1474609375	0
4.1484375	0
4.1494140625	0
4.150390625	0
4.1513671875	0
4.15234375	0
4.1533203125	0
4.154296875	0
4.1552734375	0
4.15625	0
4.1572265625	0
4.158203125	0
4.1591796875	0
4.16015625	0
4.1611328125	0
4.162109375	0
4.1630859375	0
4.1640625	0
4.1650390625	0
4.166015625	0
4.1669921875	0
4.16796875	0
4.1689453125	0
4.169921875	0
4.1708984375	0
4.171875	0
4.1728515625	0
4.173828125	0
4.1748046875	0
4.17578125	0
4.1767578125	0
4.177734375	0
4.1787109375	0
4.1796875	0
4.1806640625	0
4.181640625	0
4.1826171875	0
4.18359375	0
4.1845703125	0
4.185546875	0
4.1865234375	0
4.1875	0
4.1884765625	0
4.189453125	0
4.1904296875	0
4.19140625	0
4.1923828125	0
4.193359375	0
4.1943359375	0
4.1953125	0
4.1962890625	0
4.197265625	0
4.1982421875	0
4.19921875	0
4.2001953125	0
4.201171875	0
4.2021484375	0
4.203125	0
4.2041015625	0
4.205078125	0
4.2060546875	0
4.20703125	0
4.2080078125	0
4.208984375	0
4.2099609375	0
4.2109375	0
4.2119140625	0
4.212890625	0
4.2138671875	0
4.21484375	0
4.2158203125	0
4.216796875	0
4.2177734375	0
4.21875	0
4.2197265625	0
4.220703125	0
4.2216796875	0
4.22265625	0
4.2236328125	0
4.224609375	0
4.2255859375	0
4.2265625	0
4.2275390625	0
4.228515625	0
4.2294921875	0
4.23046875	0
4.2314453125	0
4.232421875	0
4.2333984375	0
4.234375	0
4.2353515625	0
4.236328125	0
4.2373046875	0
4.23828125	0
4.2392578125	0
4.240234375	0
4.2412109375	0
4.2421875	0
4.2431640625	0
4.244140625	0
4.2451171875	0
4.24609375	0
4.2470703125	0
4.248046875	0
4.2490234375	0
4.25	0
4.2509765625	0
4.251953125	0
4.2529296875	0
4.25390625	0
4.2548828125	0
4.255859375	0
4.2568359375	0
4.2578125	0
4.2587890625	0
4.259765625	0
4.2607421875	0
4.26171875	0
4.2626953125	0
4.263671875	0
4.2646484375	0
4.265625	0
4.2666015625	0
4.267578125	0
4.2685546875	0
4.26953125	0
4.2705078125	0
4.271484375	0
4.2724609375	0
4.2734375	0
4.2744140625	0
4.275390625	0
4.2763671875	0
4.27734375	0
4.2783203125	0
4.279296875	0
4.2802734375	0
4.28125	0
4.2822265625	0
4.283203125	0
4.2841796875	0
4.28515625	0
4.2861328125	0
4.287109375	0
4.2880859375	0
4.2890625	0
4.2900390625	0
4.291015625	0
4.2919921875	0
4.29296875	0
4.2939453125	0
4.294921875	0
4.2958984375	0
4.296875	0
4.2978515625	0
4.298828125	0
4.2998046875	0
4.30078125	0
4.3017578125	0
4.302734375	0
4.3037109375	0
4.3046875	0
4.3056640625	0
4.306640625	0
4.3076171875	0
4.30859375	0
4.3095703125	0
4.310546875	0
4.3115234375	0
4.3125	0
4.3134765625	0
4.314453125	0
4.3154296875	0
4.31640625	0
4.3173828125	0
4.318359375	0
4.3193359375	0
4.3203125	0
4.3212890625	0
4.322265625	0
4.3232421875	0
4.32421875	0
4.3251953125	0
4.326171875	0
4.3271484375	0
4.328125	0
4.3291015625	0
4.330078125	0
4.3310546875	0
4.33203125	0
4.3330078125	0
4.333984375	0
4.3349609375	0
4.3359375	0
4.3369140625	0
4.337890625	0
4.3388671875	0
4.33984375	0
4.3408203125	0
4.341796875	0
4.3427734375	0
4.34375	0
4.3447265625	0
4.345703125	0
4.3466796875	0
4.34765625	0
4.3486328125	0
4.349609375	0
4.3505859375	0
4.3515625	0
4.3525390625	0
4.353515625	0
4.3544921875	0
4.35546875	0
4.3564453125	0
4.357421875	0
4.3583984375	0
4.359375	0
4.3603515625	0
4.361328125	0
4.3623046875	0
4.36328125	0
4.3642578125	0
4.365234375	0
4.3662109375	0
4.3671875	0
4.3681640625	0
4.369140625	0
4.3701171875	0
4.37109375	0
4.3720703125	0
4.373046875	0
4.3740234375	0
4.375	0
4.3759765625	0
4.376953125	0
4.3779296875	0
4.37890625	0
4.3798828125	0
4.380859375	0
4.3818359375	0
4.3828125	0
4.3837890625	0
4.384765625	0
4.3857421875	0
4.38671875	0
4.3876953125	0
4.388671875	0
4.3896484375	0
4.390625	0
4.3916015625	0
4.392578125	0
4.3935546875	0
4.39453125	0
4.3955078125	0
4.396484375	0
4.3974609375	0
4.3984375	0
4.3994140625	0
4.400390625	0
4.4013671875	0
4.40234375	0
4.4033203125	0
4.404296875	0
4.4052734375	0
4.40625	0
4.4072265625	0
4.408203125	0
4.4091796875	0
4.41015625	0
4.4111328125	0
4.412109375	0
4.4130859375	0
4.4140625	0
4.4150390625	0
4.416015625	0
4.4169921875	0
4.41796875	0
4.4189453125	0
4.419921875	0
4.4208984375	0
4.421875	0
4.4228515625	0
4.423828125	0
4.4248046875	0
4.42578125	0
4.4267578125	0
4.427734375	0
4.4287109375	0
4.4296875	0
4.4306640625	0
4.431640625	0
4.4326171875	0
4.43359375	0
4.4345703125	0
4.435546875	0
4.4365234375	0
4.4375	0
4.4384765625	0
4.439453125	0
4.4404296875	0
4.44140625	0
4.4423828125	0
4.443359375	0
4.4443359375	0
4.4453125	0
4.4462890625	0
4.447265625	0
4.4482421875	0
4.44921875	0
4.4501953125	0
4.451171875	0
4.4521484375	0
4.453125	0
4.4541015625	0
4.455078125	0
4.4560546875	0
4.45703125	0
4.4580078125	0
4.458984375	0
4.4599609375	0
4.4609375	0
4.4619140625	0
4.462890625	0
4.4638671875	0
4.46484375	0
4.4658203125	0
4.466796875	0
4.4677734375	0
4.46875	0
4.4697265625	0
4.470703125	0
4.4716796875	0
4.47265625	0
4.4736328125	0
4.474609375	0
4.4755859375	0
4.4765625	0
4.4775390625	0
4.478515625	0
4.4794921875	0
4.48046875	0
4.4814453125	0
4.482421875	0
4.4833984375	0
4.484375	0
4.4853515625	0
4.486328125	0
4.4873046875	0
4.48828125	0
4.4892578125	0
4.490234375	0
4.4912109375	0
4.4921875	0
4.4931640625	0
4.494140625	0
4.4951171875	0
4.49609375	0
4.4970703125	0
4.498046875	0
4.4990234375	0
4.5	0
4.5009765625	0
4.501953125	0
4.5029296875	0
4.50390625	0
4.5048828125	0
4.505859375	0
4.5068359375	0
4.5078125	0
4.5087890625	0
4.509765625	0
4.5107421875	0
4.51171875	0
4.5126953125	0
4.513671875	0
4.5146484375	0
4.515625	0
4.5166015625	0
4.517578125	0
4.5185546875	0
4.51953125	0
4.5205078125	0
4.521484375	0
4.5224609375	0
4.5234375	0
4.5244140625	0
4.525390625	0
4.5263671875	0
4.52734375	0
4.5283203125	0
4.529296875	0
4.5302734375	0
4.53125	0
4.5322265625	0
4.533203125	0
4.5341796875	0
4.53515625	0
4.5361328125	0
4.537109375	0
4.5380859375	0
4.5390625	0
4.5400390625	0
4.541015625	0
4.5419921875	0
4.54296875	0
4.5439453125	0
4.544921875	0
4.5458984375	0
4.546875	0
4.5478515625	0
4.548828125	0
4.5498046875	0
4.55078125	0
4.5517578125	0
4.552734375	0
4.5537109375	0
4.5546875	0
4.5556640625	0
4.556640625	0
4.5576171875	0
4.55859375	0
4.5595703125	0
4.560546875	0
4.5615234375	0
4.5625	0
4.5634765625	0
4.564453125	0
4.5654296875	0
4.56640625	0
4.5673828125	0
4.568359375	0
4.5693359375	0
4.5703125	0
4.5712890625	0
4.572265625	0
4.5732421875	0
4.57421875	0
4.5751953125	0
4.576171875	0
4.5771484375	0
4.578125	0
4.5791015625	0
4.580078125	0
4.5810546875	0
4.58203125	0
4.5830078125	0
4.583984375	0
4.5849609375	0
4.5859375	0
4.5869140625	0
4.587890625	0
4.5888671875	0
4.58984375	0
4.5908203125	0
4.591796875	0
4.5927734375	0
4.59375	0
4.5947265625	0
4.595703125	0
4.5966796875	0
4.59765625	0
4.5986328125	0
4.599609375	0
4.6005859375	0
4.6015625	0
4.6025390625	0
4.603515625	0
4.6044921875	0
4.60546875	0
4.6064453125	0
4.607421875	0
4.6083984375	0
4.609375	0
4.6103515625	0
4.611328125	0
4.6123046875	0
4.61328125	0
4.6142578125	0
4.615234375	0
4.6162109375	0
4.6171875	0
4.6181640625	0
4.619140625	0
4.6201171875	0
4.62109375	0
4.6220703125	0
4.623046875	0
4.6240234375	0
4.625	0
4.6259765625	0
4.626953125	0
4.6279296875	0
4.62890625	0
4.6298828125	0
4.630859375	0
4.6318359375	0
4.6328125	5.380386793884226e-11
4.6337890625	1.3442896968010473e-10
4.634765625	3.3304046004467603e-10
4.6357421875	8.181367124993034e-10
4.63671875	1.9928725291187986e-9
4.6376953125	4.813466079993886e-9
4.638671875	1.1528188433380028e-8
4.6396484375	2.7377196507370466e-8
4.640625	6.446761975349565e-8
4.6416015625	1.5052861088260018e-7
4.642578125	3.4851480184918916e-7
4.6435546875	8.001071613883964e-7
4.64453125	0.0000018213769791923325
4.6455078125	0.000004111272700183896
4.646484375	0.000009201899410528961
4.6474609375	0.000020422242760684925
4.6484375	0.00004494218084836222
4.6494140625	0.00009806851689069684
4.650390625	0.00021219240132314647
4.6513671875	0.0004552550831307264
4.65234375	0.0009685109502513192
4.6533203125	0.002043050129434902
4.654296875	0.004273446449177946
4.6552734375	0.008863439103936086
4.65625	0.01822850367268788
4.6572265625	0.037172736287684444
4.658203125	0.07516623494864744
4.6591796875	0.15071130115770975
4.66015625	0.2996357284841334
4.6611328125	0.5906988576951454
4.662109375	1.1546847245601994
4.6630859375	2.2381308103612083
4.6640625	4.301622220684394
4.6650390625	8.197922790477383
4.666015625	15.491737745868
4.6669921875	29.028273397992447
4.66796875	53.9345461955552
4.6689453125	99.3659545465172
4.669921875	181.5235367501549
4.6708984375	328.81607134094696
4.671875	590.606039087713
4.6728515625	1051.883121488573
4.673828125	1857.6412459623532
4.6748046875	3252.9767550511565
4.67578125	5648.392014025303
4.6767578125	9725.086133677098
4.677734375	16603.01034277431
4.6787109375	28106.38404595553
4.6796875	47178.90638757529
4.6806640625	78526.36944862745
4.681640625	129600.87211174404
4.6826171875	212092.38940525017
4.68359375	344165.23691875546
4.6845703125	553775.4183249826
4.685546875	883537.7339402441
4.6865234375	1397787.9298227543
4.6875	2192715.192370131
4.6884765625	3410734.5548020597
4.689453125	5260637.450966086
4.6904296875	8045510.009138155
4.69140625	12200947.047874287
4.6923828125	18346712.729732346
4.693359375	27355693.88586251
4.6943359375	40444732.32052457
4.6953125	59292662.343544535
4.6962890625	86191550.45297788
4.697265625	124237639.2996269
4.6982421875	177568711.70777166
4.69921875	251654356.3833131
4.7001953125	353644752.0279917
4.701171875	492781889.29668224
4.7021484375	680874414.2242031
4.703125	932833312.4361829
4.7041015625	1267260314.4862516
4.705078125	1707074120.4981306
4.7060546875	2280151364.203004
4.70703125	3019949864.871218
4.7080078125	3966071544.0972934
4.708984375	5164712024.373028
4.7099609375	6668934218.122896
4.7109375	8538695216.461607
4.7119140625	10840550729.297451
4.712890625	13646960546.940098
4.7138671875	17035123314.836628
4.71484375	21085280515.696697
4.7158203125	25878448802.152756
4.716796875	31493567095.170013
4.7177734375	38004079880.74516
4.71875	45474019831.12789
4.7197265625	53953699305.759384
4.720703125	63475168634.5175
4.7216796875	74047645751.75443
4.72265625	85653162549.75581
4.7236328125	98242703789.66908
4.724609375	111733130194.33401
4.7255859375	126005174664.97057
4.7265625	140902776664.82382
4.7275390625	156233973426.20502
4.728515625	171773498314.86597
4.7294921875	187267149005.66867
4.73046875	202437885705.76715
4.7314453125	216993508967.605
4.732421875	230635655550.18228
4.7333984375	243069748012.29974
4.734375	254015448010.38626
4.7353515625	263217102605.44894
4.736328125	270453643645.8706
4.7373046875	275547406569.5812
4.73828125	278371378023.967
4.7392578125	278854459720.46655
4.740234375	276984444076.8913
4.7412109375	272808527931.34644
4.7421875	266431334373.8688
4.7431640625	258010558785.07468
4.744140625	247750492538.94855
4.7451171875	235893796361.0564
4.74609375	222711986591.31668
4.7470703125	208495155589.4159
4.748046875	193541469174.0463
4.7490234375	178146969336.32153
4.75	162596162506.8582
4.7509765625	147153797921.3278
4.751953125	132058144555.50716
4.7529296875	117515967233.28752
4.75390625	103699291665.0385
4.7548828125	90743942631.78221
4.755859375	78749746357.46727
4.7568359375	67782212645.43739
4.7578125	57875457910.76188
4.7587890625	49036098031.53819
4.759765625	41247829209.19823
4.7607421875	34476423329.09343
4.76171875	28674887938.823727
4.7626953125	23788575412.273552
4.763671875	19760066338.777767
4.7646484375	16533694017.684132
4.765625	14059616034.807077
4.7666015625	12297371967.736025
4.767578125	11218891058.658733
4.7685546875	10810929077.747654
4.76953125	11076919579.045773
4.7705078125	12038222384.485353
4.771484375	13734743403.168158
4.7724609375	16224887520.960054
4.7734375	19584793506.245987
4.7744140625	23906790145.326122
4.775390625	29297009581.519936
4.7763671875	35872100181.55223
4.77734375	43754999639.093475
4.7783203125	53069760950.50418
4.779296875	63935469652.39094
4.7802734375	76459349166.34555
4.78125	90729219588.16895
4.7822265625	106805549585.8439
4.783203125	124713415640.40381
4.7841796875	144434750998.4342
4.78515625	165901321105.00128
4.7861328125	188988895637.85846
4.787109375	213513092949.29404
4.7880859375	239227345569.35913
4.7890625	265823372428.19687
4.7900390625	292934444378.7966
4.791015625	320141597376.3271
4.7919921875	346982788522.5372
4.79296875	372964813436.39557
4.7939453125	397577620944.9338
4.794921875	420310486477.7433
4.7958984375	440669352949.5068
4.796875	458194530781.6805
4.7978515625	472477878489.30817
4.798828125	483178570168.56744
4.7998046875	490036600319.2492
4.80078125	492883279014.9026
4.8017578125	491648125877.58167
4.802734375	486361769446.07416
4.8037109375	477154685409.9183
4.8046875	464251846316.6208
4.8056640625	447963589147.0438
4.806640625	428673218475.353
4.8076171875	406822036676.6867
4.80859375	382892617036.7119
4.8095703125	357391203169.3498
4.810546875	330830126206.7264
4.8115234375	303711082008.50104
4.8125	276510010819.4514
4.8134765625	249664181686.44327
4.814453125	223561916336.92007
4.8154296875	198535206149.24356
4.81640625	174855295251.44928
4.8173828125	152731135327.54953
4.818359375	132310473794.09377
4.8193359375	113683224115.4331
4.8203125	96886689380.22339
4.8212890625	81912168839.74585
4.822265625	68712469937.734886
4.8232421875	57209871055.00055
4.82421875	47304126636.25041
4.8251953125	38880169471.54511
4.826171875	31815237341.998497
4.8271484375	25985226094.942513
4.828125	21270142512.750683
4.8291015625	17558593411.089577
4.830078125	14751299080.4277
4.8310546875	12763657852.351425
4.83203125	11527414073.030941
4.8330078125	10991495210.208242
4.833984375	11122087318.12623
4.8349609375	11902014439.904678
4.8359375	13329479910.123495
4.8369140625	15416219152.554956
4.837890625	18185107423.171467
4.8388671875	21667264492.55655
4.83984375	25898703235.50075
4.8408203125	30916581351.947727
4.841796875	36755134847.904564
4.8427734375	43441397306.64952
4.84375	50990838263.6204
4.8447265625	59403084217.26595
4.845703125	68657913408.451256
4.8466796875	78711736618.27545
4.84765625	89494787055.74306
4.8486328125	100909239571.40233
4.849609375	112828460434.36537
4.8505859375	125097552462.69281
4.8515625	137535306622.4566
4.8525390625	149937602201.21176
4.853515625	162082216889.24213
4.8544921875	173734920653.38895
4.85546875	184656639423.5107
4.8564453125	194611393266.90506
4.857421875	203374645900.7466
4.8583984375	210741654478.28278
4.859375	216535385705.84372
4.8603515625	220613569789.68124
4.861328125	222874498502.0486
4.8623046875	223261236357.8561
4.86328125	221764000640.44684
4.8642578125	218420570795.8167
4.865234375	213314702880.50064
4.8662109375	206572641697.33316
4.8671875	198357933215.3915
4.8681640625	188864834711.38724
4.869140625	178310693025.99347
4.8701171875	166927707595.2183
4.87109375	154954512028.94754
4.8720703125	142627995980.3028
4.873046875	130175750264.9296
4.8740234375	117809457068.95474
4.875	105719469570.55789
4.8759765625	94070738229.44418
4.876953125	83000151432.20839
4.8779296875	72615272767.36086
4.87890625	62994381632.385544
4.8798828125	54187662479.0176
4.880859375	46219343524.049965
4.8818359375	39090559286.38366
4.8828125	32782702409.017303
4.8837890625	27261037132.440178
4.884765625	22478366767.886086
4.8857421875	18378577230.724426
4.88671875	14899914556.561398
4.8876953125	11977892859.357563
4.888671875	9547767303.941519
4.8896484375	7546541828.83777
4.890625	5914511724.140985
4.8916015625	4596365606.038837
4.892578125	3541889363.617936
4.8935546875	2706326386.907437
4.89453125	2050454367.1282222
4.8955078125	1540440048.1273625
4.896484375	1147530530.428756
4.8974609375	847634164.1856327
4.8984375	620836743.7869973
4.8994140625	450890544.41052055
4.900390625	324705465.67745006
4.9013671875	231863734.23237815
4.90234375	164172650.13224292
4.9033203125	115263962.9768179
4.904296875	80243717.74169919
4.9052734375	55392796.58709064
4.90625	37915806.442564145
4.9072265625	25734282.20660754
4.908203125	17319229.8767634
4.9091796875	11557658.281894306
4.91015625	7647788.672171349
4.9111328125	5017953.858308516
4.912109375	3264691.91755516
4.9130859375	2106117.0324575123
4.9140625	1347248.0150934674
4.9150390625	854549.7673466468
4.916015625	537467.1482573597
4.9169921875	335190.1465099433
4.91796875	207279.00655438247
4.9189453125	127099.58995869843
4.919921875	77278.33140225316
4.9208984375	46590.361340502284
4.921875	27852.17896012575
4.9228515625	16509.99839633419
4.923828125	9704.197817471611
4.9248046875	5655.838586899504
4.92578125	3268.5800674401967
4.9267578125	1873.0354845098418
4.927734375	1064.2842570293355
4.9287109375	599.6447377241982
4.9296875	335.00799475370263
4.9306640625	185.58423097658618
4.931640625	101.94166619378734
4.9326171875	55.52481746623822
4.93359375	29.987986532110344
4.9345703125	16.059507794622313
4.935546875	8.527896281125285
4.9365234375	4.490310206529368
4.9375	2.3444206354747767
4.9384765625	1.213722720490124
4.939453125	0.6230575803064639
4.9404296875	0.3171477555150322
4.94140625	0.16007365302070373
4.9423828125	0.08011296873846314
4.943359375	0.039756720356305945
4.9443359375	0.019563341324495127
4.9453125	0.009545534884720321
4.9462890625	0.0046183012870607745
4.947265625	0.0022155880310015816
4.9482421875	0.0010539512290195674
4.94921875	0.0004971377869258459
4.9501953125	0.00023251864877212107
4.951171875	0.00010783594836477983
4.9521484375	0.00004958999785117797
4.953125	0.00002261254127687894
4.9541015625	0.000010224201771362123
4.955078125	0.000004583890200432918
4.9560546875	0.000002037810317510807
4.95703125	8.982930984441955e-7
4.9580078125	3.9264233618426143e-7
4.958984375	1.7017703116911697e-7
4.9599609375	7.313571582801834e-8
4.9609375	3.116612770274323e-8
4.9619140625	1.316924662727102e-8
4.962890625	5.517772265610255e-9
4.9638671875	2.2924051139939546e-9
4.96484375	9.44373346130938e-10
4.9658203125	3.857632299690094e-10
4.966796875	1.562509596716343e-10
4.9677734375	0
4.96875	0
4.9697265625	0
4.970703125	0
4.9716796875	0
4.97265625	0
4.9736328125	0
4.974609375	0
4.9755859375	0
4.9765625	0
4.9775390625	0
4.978515625	0
4.9794921875	0
4.98046875	0
4.9814453125	0
4.982421875	0
4.9833984375	0
4.984375	0
4.9853515625	0
4.986328125	0
4.9873046875	0
4.98828125	0
4.9892578125	0
4.990234375	0
4.9912109375	0
4.9921875	0
4.9931640625	0
4.994140625	0
4.9951171875	0
4.99609375	0
4.9970703125	0
4.998046875	0
4.9990234375	0