3.4492 0.0000
3.4502 0.0000
3.4512 0.0000
3.4521 0.0001
3.4531 0.0001
3.4541 0.0001
3.4551 0.0002
3.4561 0.0002
3.4570 0.0003
3.4580 0.0005
3.4590 0.0007
3.4600 0.0010
3.4609 0.0014
3.4619 0.0020
3.4629 0.0027
3.4639 0.0037
3.4648 0.0050
3.4658 0.0068
3.4668 0.0090
3.4678 0.0120
3.4688 0.0157
3.4697 0.0205
3.4707 0.0264
3.4717 0.0339
3.4727 0.0430
3.4736 0.0542
3.4746 0.0678
3.4756 0.0840
3.4766 0.1033
3.4775 0.1261
3.4785 0.1526
3.4795 0.1831
3.4805 0.2180
3.4814 0.2575
3.4824 0.3017
3.4834 0.3506
3.4844 0.4041
3.4854 0.4621
3.4863 0.5241
3.4873 0.5898
3.4883 0.6583
3.4893 0.7288
3.4902 0.8005
3.4912 0.8722
3.4922 0.9427
3.4932 1.0107
3.4941 1.0750
3.4951 1.1342
3.4961 1.1871
3.4971 1.2326
3.4980 1.2696
3.4990 1.2972
3.5000 1.3149
3.5010 1.3222
3.5020 1.3189
3.5029 1.3051
3.5039 1.2811
3.5049 1.2476
3.5059 1.2052
3.5068 1.1549
3.5078 1.0980
3.5088 1.0354
3.5098 0.9687
3.5107 0.8990
3.5117 0.8276
3.5127 0.7559
3.5137 0.6848
3.5146 0.6155
3.5156 0.5488
3.5166 0.4854
3.5176 0.4260
3.5186 0.3710
3.5195 0.3206
3.5205 0.2751
3.5215 0.2344
3.5225 0.1985
3.5234 0.1673
3.5244 0.1405
3.5254 0.1181
3.5264 0.0997
3.5273 0.0851
3.5283 0.0741
3.5293 0.0666
3.5303 0.0623
3.5312 0.0613
3.5322 0.0635
3.5332 0.0688
3.5342 0.0775
3.5352 0.0895
3.5361 0.1052
3.5371 0.1246
3.5381 0.1480
3.5391 0.1755
3.5400 0.2075
3.5410 0.2440
3.5420 0.2852
3.5430 0.3312
3.5439 0.3817
3.5449 0.4368
3.5459 0.4962
3.5469 0.5595
3.5479 0.6260
3.5488 0.6953
3.5498 0.7665
3.5508 0.8386
3.5518 0.9107
3.5527 0.9817
3.5537 1.0504
3.5547 1.1155
3.5557 1.1761
3.5566 1.2308
3.5576 1.2786
3.5586 1.3186
3.5596 1.3499
3.5605 1.3720
3.5615 1.3844
3.5625 1.3869
3.5635 1.3794
3.5645 1.3622
3.5654 1.3359
3.5664 1.3010
3.5674 1.2586
3.5684 1.2096
3.5693 1.1554
3.5703 1.0972
3.5713 1.0368
3.5723 0.9755
3.5732 0.9150
3.5742 0.8571
3.5752 0.8033
3.5762 0.7553
3.5771 0.7146
3.5781 0.6829
3.5791 0.6614
3.5801 0.6517
3.5811 0.6548
3.5820 0.6719
3.5830 0.7038
3.5840 0.7513
3.5850 0.8149
3.5859 0.8946
3.5869 0.9906
3.5879 1.1024
3.5889 1.2293
3.5898 1.3701
3.5908 1.5235
3.5918 1.6875
3.5928 1.8601
3.5938 2.0385
3.5947 2.2199
3.5957 2.4013
3.5967 2.5792
3.5977 2.7504
3.5986 2.9114
3.5996 3.0589
3.6006 3.1898
3.6016 3.3012
3.6025 3.3907
3.6035 3.4563
3.6045 3.4966
3.6055 3.5106
3.6064 3.4981
3.6074 3.4593
3.6084 3.3954
3.6094 3.3076
3.6104 3.1979
3.6113 3.0688
3.6123 2.9230
3.6133 2.7633
3.6143 2.5930
3.6152 2.4151
3.6162 2.2327
3.6172 2.0488
3.6182 1.8661
3.6191 1.6872
3.6201 1.5142
3.6211 1.3490
3.6221 1.1930
3.6230 1.0475
3.6240 0.9132
3.6250 0.7907
3.6260 0.6801
3.6270 0.5815
3.6279 0.4947
3.6289 0.4193
3.6299 0.3549
3.6309 0.3010
3.6318 0.2572
3.6328 0.2229
3.6338 0.1978
3.6348 0.1815
3.6357 0.1739
3.6367 0.1749
3.6377 0.1846
3.6387 0.2033
3.6396 0.2312
3.6406 0.2689
3.6416 0.3169
3.6426 0.3758
3.6436 0.4463
3.6445 0.5290
3.6455 0.6245
3.6465 0.7331
3.6475 0.8552
3.6484 0.9908
3.6494 1.1397
3.6504 1.3012
3.6514 1.4745
3.6523 1.6582
3.6533 1.8506
3.6543 2.0496
3.6553 2.2528
3.6562 2.4572
3.6572 2.6598
3.6582 2.8572
3.6592 3.0460
3.6602 3.2228
3.6611 3.3841
3.6621 3.5266
3.6631 3.6476
3.6641 3.7444
3.6650 3.8149
3.6660 3.8578
3.6670 3.8721
3.6680 3.8576
3.6689 3.8147
3.6699 3.7445
3.6709 3.6487
3.6719 3.5295
3.6729 3.3898
3.6738 3.2327
3.6748 3.0616
3.6758 2.8802
3.6768 2.6923
3.6777 2.5018
3.6787 2.3123
3.6797 2.1274
3.6807 1.9505
3.6816 1.7847
3.6826 1.6326
3.6836 1.4968
3.6846 1.3791
3.6855 1.2812
3.6865 1.2044
3.6875 1.1496
3.6885 1.1172
3.6895 1.1074
3.6904 1.1200
3.6914 1.1543
3.6924 1.2094
3.6934 1.2841
3.6943 1.3768
3.6953 1.4855
3.6963 1.6079
3.6973 1.7417
3.6982 1.8840
3.6992 2.0319
3.7002 2.1822
3.7012 2.3318
3.7021 2.4773
3.7031 2.6155
3.7041 2.7433
3.7051 2.8578
3.7061 2.9562
3.7070 3.0364
3.7080 3.0964
3.7090 3.1347
3.7100 3.1505
3.7109 3.1433
3.7119 3.1133
3.7129 3.0612
3.7139 2.9879
3.7148 2.8952
3.7158 2.7850
3.7168 2.6596
3.7178 2.5213
3.7188 2.3730
3.7197 2.2172
3.7207 2.0567
3.7217 1.8940
3.7227 1.7317
3.7236 1.5719
3.7246 1.4166
3.7256 1.2675
3.7266 1.1260
3.7275 0.9933
3.7285 0.8700
3.7295 0.7568
3.7305 0.6540
3.7314 0.5616
3.7324 0.4795
3.7334 0.4074
3.7344 0.3450
3.7354 0.2919
3.7363 0.2476
3.7373 0.2117
3.7383 0.1839
3.7393 0.1638
3.7402 0.1512
3.7412 0.1461
3.7422 0.1485
3.7432 0.1586
3.7441 0.1766
3.7451 0.2031
3.7461 0.2385
3.7471 0.2836
3.7480 0.3391
3.7490 0.4056
3.7500 0.4838
3.7510 0.5745
3.7520 0.6782
3.7529 0.7951
3.7539 0.9254
3.7549 1.0688
3.7559 1.2249
3.7568 1.3928
3.7578 1.5711
3.7588 1.7581
3.7598 1.9516
3.7607 2.1491
3.7617 2.3476
3.7627 2.5441
3.7637 2.7350
3.7646 2.9168
3.7656 3.0859
3.7666 3.2389
3.7676 3.3726
3.7686 3.4840
3.7695 3.5707
3.7705 3.6307
3.7715 3.6627
3.7725 3.6660
3.7734 3.6406
3.7744 3.5872
3.7754 3.5070
3.7764 3.4022
3.7773 3.2750
3.7783 3.1285
3.7793 2.9658
3.7803 2.7905
3.7812 2.6062
3.7822 2.4165
3.7832 2.2249
3.7842 2.0346
3.7852 1.8489
3.7861 1.6703
3.7871 1.5012
3.7881 1.3436
3.7891 1.1991
3.7900 1.0687
3.7910 0.9533
3.7920 0.8531
3.7930 0.7683
3.7939 0.6986
3.7949 0.6435
3.7959 0.6023
3.7969 0.5740
3.7979 0.5576
3.7988 0.5520
3.7998 0.5560
3.8008 0.5682
3.8018 0.5873
3.8027 0.6120
3.8037 0.6411
3.8047 0.6732
3.8057 0.7070
3.8066 0.7414
3.8076 0.7752
3.8086 0.8074
3.8096 0.8370
3.8105 0.8632
3.8115 0.8853
3.8125 0.9026
3.8135 0.9146
3.8145 0.9210
3.8154 0.9215
3.8164 0.9161
3.8174 0.9048
3.8184 0.8878
3.8193 0.8654
3.8203 0.8379
3.8213 0.8058
3.8223 0.7698
3.8232 0.7304
3.8242 0.6882
3.8252 0.6441
3.8262 0.5985
3.8271 0.5524
3.8281 0.5062
3.8291 0.4605
3.8301 0.4160
3.8311 0.3731
3.8320 0.3323
3.8330 0.2938
3.8340 0.2579
3.8350 0.2249
3.8359 0.1948
3.8369 0.1676
3.8379 0.1435
3.8389 0.1224
3.8398 0.1041
3.8408 0.0887
3.8418 0.0760
3.8428 0.0660
3.8438 0.0585
3.8447 0.0535
3.8457 0.0511
3.8467 0.0511
3.8477 0.0536
3.8486 0.0588
3.8496 0.0667
3.8506 0.0774
3.8516 0.0913
3.8525 0.1084
3.8535 0.1289
3.8545 0.1531
3.8555 0.1811
3.8564 0.2131
3.8574 0.2491
3.8584 0.2892
3.8594 0.3333
3.8604 0.3812
3.8613 0.4327
3.8623 0.4874
3.8633 0.5447
3.8643 0.6040
3.8652 0.6645
3.8662 0.7253
3.8672 0.7855
3.8682 0.8441
3.8691 0.8999
3.8701 0.9519
3.8711 0.9991
3.8721 1.0405
3.8730 1.0751
3.8740 1.1022
3.8750 1.1212
3.8760 1.1316
3.8770 1.1332
3.8779 1.1260
3.8789 1.1101
3.8799 1.0859
3.8809 1.0540
3.8818 1.0150
3.8828 0.9699
3.8838 0.9195
3.8848 0.8650
3.8857 0.8073
3.8867 0.7476
3.8877 0.6868
3.8887 0.6261
3.8896 0.5663
3.8906 0.5081
3.8916 0.4524
3.8926 0.3995
3.8936 0.3501
3.8945 0.3044
3.8955 0.2625
3.8965 0.2246
3.8975 0.1907
3.8984 0.1606
3.8994 0.1342
3.9004 0.1112
3.9014 0.0914
3.9023 0.0746
3.9033 0.0603
3.9043 0.0484
3.9053 0.0386
3.9062 0.0304
3.9072 0.0239
3.9082 0.0185
3.9092 0.0143
3.9102 0.0109
3.9111 0.0083
3.9121 0.0062
3.9131 0.0046
3.9141 0.0034
3.9150 0.0025
3.9160 0.0018
3.9170 0.0013
3.9180 0.0010
3.9189 0.0007
3.9199 0.0005
3.9209 0.0003
3.9219 0.0002
3.9229 0.0002
3.9238 0.0001
3.9248 0.0001
3.9258 0.0000
3.9268 0.0000
3.9277 0.0000
